1337
4971
6733
6491
6180
1243
3241
4548
2397
434
2645
4523
2437
1594
6821
5195
4165
2652
984
1668
5502
1143
7283
5174
6299
6558
935
1735
953
4112
2144
133
993
1869
6118
2339
3248
4183
471
1901
5785
5109
7061
1007
6356
4240
1831
212
2548
3477
6923
3957
1952
2787
3199
2680
3145
795
3380
4456
2254
391
5201
1645
2196
238
1693
7366
6789
1205
149
1704
134
1064
285
7264
3877
1031
4124
5046
6212
7019
2312
3577
1567
6748
1571
575
860
2683
1993
1559
7509
4283
1312
5887
5645
2998
5388
5998
6199
2901
6591
5761
2309
4328
4822
5385
900
6293
6860
5722
478
3734
1574
1415
654
5802
399
6349
4312
4184
3804
7091
6770
1465
606
2006
2924
3296
3630
2992
4285
1181
353
255
3695
960
3526
5021
314
568
5442
2959
4668
7330
3717
3471
2232
2150
7035
209
5898
3058
6720
4030
7171
1208
432
6697
4503
3820
7270
3362
2967
54
2673
4654
632
2409
4242
580
6103
4373
221
2350
1032
522
4696
139
7418
4211
7331
5665
5932
5482
2771
6820
3849
6265
1905
663
6561
1450
4355
1190
1759
3505
2631
6595
3001
329
222
2226
6413
2089
4362
1740
6576
2878
4849
6488
5184
6782
7240
912
7077
435
3201
3943
4685
4784
2035
4897
6673
5601
3316
4577
419
4797
2181
4287
659
2674
4608
5909
3086
2430
1918
3
7260
957
2766
3335
5644
4707
4112
353
5477
4873
820
4014
3489
7366
803
6605
6415
3278
411
5576
4282
3049
857
7334
7469
5063
1145
7517
6024
2896
3603
3643
7056
18
3163
5700
6951
1663
6432
6049
1241
6876
3721
1727
2120
3708
1013
3415
2761
6627
4544
6871
510
6356
7141
6423
4409
1264
7201
2124
2443
4843
7134
4498
6262
6743
1623
1145
2360
651
4206
4250
2262
2574
841
4445
1873
2787
4079
265
2570
5924
2639
1940
2006
379
798
5105
5620
4100
6614
6574
6605
4446
7531
7394
2633
4887
140
4864
2059
7281
6873
3267
6529
6612
6786
880
4406
5327
4301
2341
2789
3173
4234
4966
3162
631
1913
5449
3038
3903
6123
1746
6195
1700
6617
4555
1275
4421
1473
2100
4467
7442
889
3394
7297
2536
2706
6231
1675
187
1420
898
6777
6294
6796
4267
5108
3538
942
2849
313
2784
1863
6309
1381
1411
5828
3220
4055
7197
1176
1463
5540
5863
4965
331
6076
39
6979
5660
6065
1466
7367
4080
6723
5432
2153
1322
3528
5898
7119
3555
5996
540
6840
3614
6742
2395
142
258
901
4740
7214
4466
318
1318
2156
6661
5570
6738
3619
2337
3818
2688
3769
6019
6758
4
5180
6674
5979
2023
3918
2644
7106
3200
3379
7188
6710
3008
5291
6434
3984
6522
2894
2302
6322
3317
6401
7548
3466
7263
1083
5919
3881
525
7484
1770
4406
2813
2518
2985
2387
4809
5447
4747
6414
871
3562
3472
7505
2852
4552
5749
140
4337
6639
3165
5392
686
1781
621
7349
3300
4546
2926
6851
2204
1480
4585
7354
2022
6196
269
5244
991
5786
6678
211
4719
3719
4525
3488
4705
6254
1725
1419
2166
398
6521
3690
7164
696
6386
7189
7239
6823
5217
660
1124
6009
3173
1234
3950
3248
1160
2143
3588
5400
1426
1167
2120
1825
4420
4487
6017
6162
3829
3472
3417
5669
1593
1259
6408
4901
1712
1235
1039
1222
4847
3709
2747
3728
2972
7351
1994
7486
2794
6649
4962
2248
4984
1855
1392
6227
2429
2501
6147
1142
1230
4670
5378
4647
3106
3677
5261
4802
6311
4172
5804
4511
6797
5495
6541
5428
5712
28
6331
6506
5430
6889
6781
2707
4270
73
6473
86
6913
4481
2524
4079
2329
2819
3398
6667
7491
3891
640
5470
1101
6900
4269
396
5376
1734
567
210
3079
1369
3712
6136
1446
4256
3832
2112
5104
982
1430
7507
1156
1470
165
2009
1534
5098
3658
5659
4360
1057
1575
7553
5907
5188
4959
6003
3493
7451
2230
7565
6952
7397
5341
3926
5862
75
6116
728
1050
5983
726
3118
3262
2633
2194
5235
7326
23
6818
3683
7338
3353
557
4195
5376
323
739
1231
4915
2719
4322
7302
181
2988
5246
5191
2874
2923
4264
6166
2330
636
1106
2501
6942
2506
7524
5553
2579
7546
3473
3355
985
5590
6307
46
7095
4087
3059
1997
3343
245
7574
5570
1017
1788
3781
7246
6447
6565
2277
5827
4630
5299
85
6388
3709
1922
4913
6300
7485
2313
2590
1012
436
1888
4970
5646
3533
74
4261
4145
5261
1056
6573
4452
6049
5025
960
2286
6194
3998
3813
2876
5798
4358
7279
225
4619
6831
6574
156
5988
1661
5487
6698
3537
3219
2456
5061
4727
834
2334
1080
3323
2851
3342
2241
5836
6052
2909
6930
3836
2820
1641
2990
2707
3269
2110
4038
6886
2259
7398
4142
4880
1421
4016
4865
3354
791
6437
4248
4197
2479
3522
220
5788
469
7455
2159
7566
5575
5738
2093
4025
5661
5725
5345
2109
7340
4832
6088
3191
6857
3046
2989
4628
6307
1588
2214
1654
4493
2882
6566
3893
5179
2342
6613
7307
4805
751
2494
1325
784
2183
6959
6932
978
344
512
5325
2415
1197
4320
1819
4478
742
3134
1440
2328
6439
788
862
2138
1587
5637
5250
1902
5553
6672
4365
6151
5298
2663
4118
7453
1238
5207
2265
4812
5650
1906
4542
6002
6460
1270
261
1550
7329
1683
905
1300
299
2533
5231
6343
6464
7071
6510
5754
3655
2171
4069
1316
7122
375
1035
3644
778
7477
1711
4225
858
1941
5231
5407
4342
2822
1091
5141
2693
3348
5459
907
4314
2287
6404
1386
1025
3726
2840
6803
3763
587
770
2855
1258
3291
677
3599
7081
1796
3926
4932
5813
1487
4457
6310
7397
266
1332
3534
445
5377
7244
6514
6213
3347
3288
4213
1951
7319
4453
5948
573
5484
4931
5462
6226
7413
3645
5326
4599
1436
925
971
6499
4484
3970
4546
6267
1805
91
92
6000
5796
5459
1606
532
5889
3487
1678
6168
3298
5337
7488
2331
5527
471
4124
2854
6549
199
6104
2217
3591
1804
6794
3350
316
108
3831
7391
7219
1059
6115
7448
2306
2857
7512
6379
3451
4570
1421
6986
5169
29
7428
6680
2324
3637
5263
5491
688
5514
4748
3333
4185
4597
1995
1039
306
3489
1147
7433
2597
5562
4167
2566
5255
6863
5652
4107
6458
6135
7547
1948
7154
4899
1573
6640
178
2423
1470
2555
7467
3259
3281
3854
129
835
5268
2606
6976
1414
6901
2784
1478
7196
3988
3596
3909
735
7034
1817
6363
6344
304
419
6143
4147
4518
6259
4363
3275
2791
4405
4876
1176
3337
1461
727
4704
2038
2195
5966
1381
1438
7132
6070
1703
303
5129
1369
1957
2503
6132
702
4496
3387
6181
6843
1140
1565
299
5776
6461
30
213
2041
7237
1345
6632
3423
6874
3096
5838
3959
4694
3210
3117
3833
6494
4509
2689
1793
736
1177
2664
6809
2869
2410
5689
3170
77
4174
267
3125
725
6779
6418
3289
7487
7036
2474
351
4649
5153
1671
5010
4302
1307
5533
1036
6117
859
6144
5211
2859
5697
1530
1229
1019
591
7144
4280
97
5256
5518
2876
6086
5048
4051
5857
806
2092
1228
1183
2295
6292
5479
4928
1449
2115
3766
4077
4334
309
3048
2716
7328
7017
7372
6978
4437
4442
4153
6527
7015
3547
7374
3897
3714
7085
3795
4744
6995
1724
3977
4629
3895
206
648
7498
3781
2285
668
5675
7191
6215
2568
3019
5162
3040
3876
4378
3496
4316
3845
3376
6053
3630
3952
4187
86
5375
5785
3437
4648
5278
2016
7502
3768
4489
567
4614
775
5242
6421
1736
751
231
7332
1980
6888
7186
3159
1010
355
7528
2891
5806
4642
6480
4102
6622
6939
5175
3150
8
7420
801
4204
4530
4856
200
5735
7532
1915
7142
4602
4544
5003
1960
2096
1741
6395
340
1622
2238
3558
1833
2865
550
2507
3689
3007
1224
5425
6984
4782
5738
4638
2703
3168
7470
6617
704
4403
5455
3179
1036
5757
4200
5743
5147
7548
7224
2812
5523
5768
5455
2611
6397
7266
2788
4354
2029
3367
534
6373
3485
2661
6201
1592
2534
2376
7145
564
3103
2796
481
1312
6932
4827
5505
6805
7355
3880
5446
6855
6479
269
3625
7024
3745
2953
2110
6022
7340
7461
1974
1839
1497
3039
5884
3158
823
161
5237
365
100
5014
7384
160
2020
7572
6793
6090
5795
4386
68
5344
4745
7108
4444
5897
6977
5839
922
4807
851
5359
2165
88
2220
3297
4063
1267
279
3662
5273
6502
5153
3222
571
701
1508
6545
4935
4359
1989
1917
3390
5467
2505
1279
1553
485
5152
3129
3931
6298
297
4469
2341
1005
4891
5393
124
3986
1834
6750
2627
518
2678
5200
3853
4134
965
3207
358
4145
1765
7208
7276
7357
2837
51
7037
541
196
711
1921
6433
6776
6316
3729
3126
4594
5980
4938
584
221
7207
179
3391
4321
6960
2545
4238
7020
6427
4477
1860
204
7407
5410
6633
3948
433
6979
2105
5247
2844
7037
4391
6839
2595
3238
6031
6058
3866
2675
974
6469
3593
6150
4212
1981
488
5116
6108
2351
4613
3692
6288
6938
4842
3018
7462
1069
3990
4817
4850
877
7490
1384
2272
2323
1760
5526
7000
2594
5140
3533
939
5444
501
4443
5993
1673
5961
4125
5577
3751
5799
3960
3842
57
7058
4901
5496
841
3192
5272
4378
6014
646
6217
4583
907
356
1616
729
2737
401
5324
3425
1964
3934
6071
2641
6169
1232
3790
4066
286
4135
6125
1141
1439
5609
5543
4830
2447
4531
6504
3927
7055
5356
6126
2212
4245
7100
1139
7276
4161
4209
917
7405
2833
6700
516
5608
2073
6699
4783
3765
2056
5365
1102
3994
4952
3932
779
6550
5253
2259
4357
2768
886
5223
5714
5435
1743
423
1455
1242
844
3175
1462
7084
7559
3527
3315
1121
2335
5953
5784
3062
3272
6221
3155
3493
1206
1106
5572
5353
447
3626
5586
3032
175
115
4527
2358
5065
833
1138
1582
3249
2189
15
4261
189
6271
5059
2539
6957
369
2578
4592
183
7096
5531
6920
3502
2131
3541
2164
1802
5607
2969
6702
4371
1198
3822
3843
3352
3534
4816
2612
402
1562
4912
4491
7137
7390
3042
7369
6238
4790
5957
3845
1803
7240
6816
1895
2200
1083
2456
1871
3039
337
6067
2793
6517
3270
6791
973
5616
584
7175
2839
5054
6247
5901
3449
1253
4902
3841
6541
4984
5562
5696
290
1069
2897
2208
1863
4949
3385
6154
4678
494
4592
5843
3932
277
7109
5748
1787
6952
3773
680
792
417
1674
1959
3027
6509
7191
2148
707
6156
2868
1655
1208
6652
3964
5848
2007
6228
457
4996
6271
5235
2671
3151
5254
1131
233
7120
1555
3127
6222
1984
3766
5737
2679
7297
6311
2602
749
3452
2830
2991
6718
6784
2136
6313
3090
4016
5857
7521
3245
1493
2085
2270
533
983
2492
4590
1454
4640
2086
5667
4903
3251
861
6084
6384
6405
930
6944
1819
6921
5877
3200
6427
6575
3308
2185
594
4772
2522
26
1278
5571
3050
1040
6707
2543
2309
5163
6530
1942
4847
1364
4520
1617
1835
152
724
1870
3065
5423
1255
2201
5537
4356
1927
2666
6798
4456
1873
5692
2426
3233
1876
4922
3738
2875
4607
4781
2432
4697
865
6152
5663
7188
6722
2357
6160
3250
5335
5707
1821
4006
1649
1029
72
123
3160
7122
2563
7510
5517
659
6354
4725
3829
3266
6496
2340
3974
2167
5549
1434
2400
2201
2473
981
2304
2092
2282
182
4630
4003
4728
3560
6275
6079
6075
5370
6177
4794
7504
913
6839
302
1298
6158
1217
6431
2665
1931
2279
3193
5707
732
293
3636
3864
5467
5347
5893
1633
1365
2137
942
1840
3552
7173
4138
1112
7539
932
1028
2162
7234
7370
3131
6106
2206
5984
7054
6980
993
4411
4085
2081
4426
2005
6515
7004
5204
30
4777
7121
2078
3665
6171
5159
1501
4075
7027
7409
430
1021
5848
5204
5440
6891
2033
4070
308
344
4683
6151
1750
2480
2387
7227
7542
3824
487
5875
3543
6892
7361
2929
5064
4310
5431
4306
6054
3006
1567
1204
2009
4745
124
7384
2439
4718
2007
5959
5347
5702
4527
1429
1043
5415
7313
892
2827
5095
400
5139
3954
7284
3421
1668
5286
2610
5319
5746
2066
6148
2657
3557
6063
476
6068
2913
2368
1880
2669
5276
4533
1359
661
3629
6363
5715
6284
863
3455
6735
1804
4751
2677
2577
6322
740
3625
4041
616
1977
1617
2258
1156
7514
618
6114
6250
781
281
4738
2859
2140
2571
1862
1157
7268
3847
1399
5639
3392
1354
2589
2823
446
2918
6140
3849
3221
7295
593
6697
6555
4941
6836
7181
1141
1460
2119
972
6644
1035
2994
5209
817
7552
2098
753
4277
4720
7031
689
691
5763
4129
237
819
1502
1488
6464
4945
2189
591
7377
6724
7405
5885
5645
6272
1430
1342
2108
6466
4492
6043
3567
1075
2426
3901
2995
3536
5035
7281
2576
4398
2955
3739
5275
2019
31
7021
2034
7301
339
2369
797
2814
1191
6529
2758
5295
1864
2014
1677
6926
95
1123
3053
50
1054
5452
5391
3115
5421
3351
3017
6681
3389
230
4510
1257
5961
5346
3490
4803
5429
1319
2289
6344
5780
6378
7105
4350
951
429
1335
5988
5605
6656
5681
3978
4600
2134
1233
1919
6572
220
1807
3586
2134
2167
3374
949
1885
2998
4317
4308
5759
7158
1008
6603
3769
6584
4059
3298
3276
347
5426
4649
2054
4388
2667
7205
874
4983
6829
5908
6754
829
5933
3239
2981
257
3028
5441
3875
7056
3612
5836
4062
6515
3510
5314
3675
613
4801
980
4423
3294
5891
6625
3758
7167
6380
5623
3450
4080
6053
4854
903
5905
3159
6497
5462
6949
324
4551
6277
4327
6206
4508
6001
1960
2431
682
6157
3742
1602
1191
1435
7274
6910
1000
4881
1016
3792
5568
4831
1847
3577
425
1273
3213
2057
1231
4641
7021
5492
5814
5815
762
5306
5329
1655
5148
768
7110
2412
1032
7385
3663
6218
7200
144
5304
995
5202
7272
7277
368
5911
7487
5209
3774
968
4595
4027
2178
3580
7315
6185
4750
378
4839
5847
4729
1983
1884
7363
1636
2799
3724
3734
4977
3285
5638
3601
3911
1516
2561
5500
4252
286
4883
6505
218
1467
6261
6982
1326
6460
5889
7082
2899
7028
3345
2193
6988
6091
163
854
1758
2607
4897
5396
4725
2045
3589
1578
6414
3866
2359
5494
4141
6618
4616
2010
280
989
3436
4809
1533
6352
2820
1248
3382
7256
3206
496
1603
6545
1952
3013
3252
3423
7522
3620
2935
6985
7250
2336
6386
789
7044
5628
3188
5538
4524
5170
3573
4120
311
1143
5257
4675
6362
6317
3611
5528
2216
4567
1975
7516
2405
3659
6462
175
1111
3837
780
201
4597
7139
1260
7151
1304
2720
5042
2551
1298
2063
7412
3002
3942
3763
1829
2297
2037
5711
7064
68
6521
1004
6684
7408
6602
1642
927
1542
6658
390
5117
1532
3566
5667
371
7293
4346
5864
4474
5220
3955
7339
7535
7045
3077
288
4895
4978
5155
4848
901
1288
1918
37
5778
3457
3043
7127
2318
5541
3360
1257
4497
3867
4440
3647
1512
5515
1399
2884
6687
2648
3142
2218
3656
3758
3273
1955
41
686
2549
1499
3495
3235
5307
4394
2079
1127
4208
5027
5328
4867
5865
1801
6553
4331
5618
674
2193
951
3264
1490
6409
7107
5438
3424
4189
6198
125
1104
6074
5422
2454
2537
3441
1662
5585
845
4948
1620
6935
2246
5220
6925
7510
5581
4465
2812
4889
3770
5600
6042
2049
4090
3073
937
605
477
7501
1457
575
1371
1490
6170
1038
4769
2946
6024
5243
310
3701
595
4054
2057
3402
5772
1197
5199
3657
950
5657
7375
3640
4223
1347
1640
887
3807
5260
1822
7499
52
3149
6885
1289
2363
1301
6518
3848
961
1590
2972
895
2684
5398
4493
4786
2133
6516
7245
2541
6471
1283
2765
4053
1979
1844
7318
3817
4609
2410
3455
2996
916
3592
2498
7438
749
2370
3462
4274
5937
6492
373
625
6954
2590
5636
6313
1901
6694
2850
515
6760
198
54
5284
2435
2736
4522
6846
6508
5241
5625
4960
5746
1838
5694
1662
5668
5077
4064
1366
6261
193
7492
695
3304
926
4199
81
1963
4373
4157
292
6783
4980
6738
6092
910
3043
6626
4459
2505
7155
5513
1424
7009
1395
3012
3132
7153
956
4758
4028
5775
7569
4023
7085
1027
5768
4855
4673
1285
4293
3570
3095
517
3076
3933
1444
2179
2540
7101
7271
7494
5296
2352
3011
2843
3314
36
7086
7254
4332
7345
4875
7184
2869
1401
1837
7019
673
4553
274
5331
4343
1854
6089
1061
7564
3225
3003
3450
1670
5679
251
1286
3747
5953
6474
5793
628
6940
6231
4045
3086
6563
3796
6505
4700
5969
4199
7291
504
7459
1485
4658
6442
3271
6117
6628
5656
3394
2262
774
3396
5409
409
2801
3716
2051
6165
1551
1509
7492
5622
3118
1652
7563
6918
6857
183
6586
4681
4846
13
7060
4495
1811
7570
652
1676
5125
1188
7218
3454
1528
1220
692
5418
681
1000
1113
5968
622
4572
577
5531
6581
4476
3543
5713
1011
7310
5085
5339
5547
7072
3517
321
1108
2800
946
4798
113
4558
3008
6457
2153
3713
6484
1834
456
196
354
2161
3381
1500
166
4146
4463
6997
4458
1533
5764
3884
6986
1939
7059
3009
3061
6925
858
5047
2298
3370
6280
6011
517
4239
3444
904
6389
2247
6600
643
7468
2109
5081
4973
6980
6942
3333
2550
289
2694
130
6749
2451
6062
4559
2935
5187
6765
6400
4286
3483
872
6917
5726
1691
4235
5885
7049
5056
4828
7454
4730
1866
7010
4760
2679
5360
6552
1059
3371
4825
5923
3375
2640
5248
2785
5821
3369
6382
1431
3182
5913
3105
1086
6652
4285
1452
3906
817
4128
3507
2000
5081
3442
1467
7043
5416
3736
2649
4867
6626
5275
5630
910
4003
5398
7558
1815
1168
4830
2169
7538
437
7411
1875
7182
2968
1321
2469
417
6054
1812
658
2317
5055
6096
1184
444
3066
22
5949
6208
3214
5325
5026
3356
3066
3707
6920
1730
4623
5397
7371
3823
5417
1080
786
6355
7259
452
7153
1428
4438
7092
5648
4479
1537
6332
1808
5922
2013
3048
791
294
4517
7076
1374
6217
5669
4011
3453
2203
683
5994
383
2778
1414
3888
6680
3287
6898
7464
1439
1944
709
4315
6161
6705
7567
2500
3831
227
5166
2523
2520
3328
2609
6479
6543
7452
763
5572
1954
759
5080
2385
4134
1201
7094
5574
2842
2444
7372
7382
3492
758
682
5320
2817
7193
571
2671
1630
2121
1348
5026
2268
6717
219
2224
151
1958
1118
3255
127
7433
5484
6814
3081
1256
5921
871
12
2413
3312
1204
349
4468
2872
930
2001
1750
1679
6924
5919
1264
445
4159
1350
6278
7154
4688
3287
2533
2603
4338
1637
1068
1973
4332
2062
5351
5287
5264
5894
4052
51
1402
322
1475
7305
7039
6669
5217
7436
3341
5543
2192
6662
101
5279
1929
3128
160
7356
1930
1427
2271
128
3856
6538
6109
5245
4614
6599
352
1636
157
5740
2587
6560
367
529
5703
5972
5289
5489
5949
5277
1072
1022
2333
816
1736
3157
6624
2816
2778
7295
7209
155
6330
6517
2580
384
7465
5465
723
6455
4467
2569
1590
3602
4858
1372
1407
5346
4361
4368
4742
5888
5278
1194
1389
171
967
7377
754
4941
6808
3260
1793
368
6543
4214
1565
2864
2018
6101
2605
2128
4582
5728
2551
705
6258
1800
2858
303
2733
3945
3902
5349
6565
4048
217
2753
9
6775
1922
320
7527
1908
3879
3815
7018
7363
6808
1877
4254
6667
599
2760
4155
4576
1480
1416
107
2840
1883
805
3659
14
493
2607
6743
6921
1262
617
2535
2485
2409
2389
4069
4230
5719
61
5388
5058
2887
5601
872
1910
1380
401
1091
4066
4615
6283
5765
4400
3181
4099
2199
2906
7446
6296
1458
55
3368
3471
6287
5511
4917
1827
4731
3104
5267
5662
7303
5125
2507
744
5666
1887
2726
7115
6861
3747
6279
1243
6897
5195
5194
4697
520
6908
3222
819
4687
3606
5561
6903
4094
421
497
2055
2498
3182
5557
1919
4140
5999
7235
1816
7066
2118
5366
5583
184
7406
235
6572
6526
2858
5528
6778
1930
4395
2460
5683
1171
35
5860
1669
3908
5602
2731
3361
1397
3646
4015
4739
7093
6253
2601
3574
1086
631
5127
1621
3569
3946
1780
914
1813
5192
7518
2102
5014
868
3503
2504
172
5091
3484
5052
6775
5149
4810
412
1510
5143
34
428
7328
616
5285
5420
7373
2974
5443
3599
3383
2829
49
6128
6913
7434
1508
5330
1789
4001
6361
4499
2486
1271
1864
3202
1917
2765
2577
5624
6040
1401
2643
5481
67
197
6993
598
4700
4659
76
5050
602
1416
4962
1228
2008
6621
3279
6290
2777
4352
1281
4937
6165
5900
4967
5687
2422
6907
2065
6992
3218
1364
1065
3914
4237
3322
1685
3461
6583
4143
7118
1296
2250
1572
2406
6118
1999
5670
4374
7337
3547
5602
5257
6137
2044
6581
5910
4726
3417
7117
6784
7058
1568
3363
2806
641
94
7131
3780
4824
312
1520
1330
3587
1096
3204
3746
3503
7273
3433
700
1915
5818
6253
940
6764
931
6015
766
5371
5981
461
928
3073
1625
4275
5072
5740
999
6153
6442
497
2816
4972
1024
1598
3456
2117
4536
7222
116
725
2867
1503
1839
58
4875
4666
6866
4218
462
2453
7333
7369
1797
5068
1349
675
3179
737
4573
2114
5436
3157
6072
4253
3596
6304
4362
2425
2419
943
6735
2415
7192
2553
1150
3474
2282
2192
2404
6512
1934
4856
4280
1756
3639
1996
3421
6864
3858
2115
3111
3120
3632
4819
6297
5626
2685
5939
4309
6782
7327
352
2367
6407
2418
5592
3147
285
4273
2556
6627
2059
1484
2266
1378
5813
7568
3163
5728
2424
1345
6013
7573
7248
2670
6441
448
1967
7205
3989
3448
723
2046
2973
3923
1763
1356
5844
7341
3899
5620
7400
319
5269
3099
102
3013
1492
6880
1573
4203
5342
5729
3995
6013
7443
4114
2794
2440
377
1464
2526
4686
1388
3080
1780
2230
4323
4048
7130
1471
2954
7445
5047
2030
1162
6412
4094
669
4663
4998
2425
6696
2557
507
4282
5230
600
5037
4478
3809
2377
5632
207
2234
3080
6911
6822
2924
6220
773
6812
4326
1547
5446
6229
5894
1628
3772
3308
1596
1066
4465
6014
6342
2933
6821
986
5123
3496
2582
7412
332
7006
3409
3663
2465
3479
4689
6147
5488
612
7093
3520
4019
2716
6295
1781
2174
410
1904
5465
1148
1770
771
3076
5103
1450
4498
3389
2597
4987
5674
5565
899
3784
6100
416
4521
7189
5277
7262
6108
479
2403
4508
1161
5616
678
5733
3626
1882
5605
3673
2462
2606
1850
3411
2330
3424
3113
2103
3864
7083
2898
6164
7352
5290
3515
2556
5838
4839
2566
4760
7421
5212
5198
5308
1313
326
2562
3959
2926
6968
3975
3856
1358
2934
4706
5368
7287
657
1614
7163
2114
3985
2823
109
5108
2574
3613
5627
4633
4156
6060
6524
969
499
1301
3951
5854
1451
4529
7452
2451
3594
6824
6567
3865
4190
2960
5216
1149
3425
2414
5458
169
2219
3467
3565
726
4044
6104
5090
6548
2547
3262
1811
4738
5661
1612
6410
1053
3984
6385
1290
2832
6850
1280
5030
1119
298
3075
490
5700
5693
565
6750
0
1555
2754
6788
1579
4425
5828
4538
3176
3682
1425
5948
6929
2740
4874
1772
2214
4246
6801
2375
6027
3611
4400
6418
3564
4526
4427
3250
6198
2588
1409
6245
1455
5357
3023
2334
1628
2986
582
6192
4617
1589
3524
4454
936
5807
3263
1212
6699
116
244
6084
2588
1938
1867
201
1595
7522
1610
3142
4807
6812
5364
5526
6134
5331
6968
5676
3212
320
2837
5474
6206
5118
3051
3796
3501
6879
5358
6761
4927
182
4305
6285
5899
3728
2275
4644
1482
1265
1004
3682
5757
3347
3362
1212
2502
1115
5863
6269
732
1237
4949
4895
6909
3304
6884
2438
1656
5230
7040
5741
4652
3695
6083
5878
570
4084
3357
5439
6671
6167
2724
3246
3770
6881
3022
1637
1688
1178
3292
4231
2149
6145
2401
1248
6435
4424
5407
581
3464
5166
3085
3010
4550
1807
3589
2885
5840
983
1151
5535
2655
530
4341
2658
5348
5676
3623
7107
7091
4908
3590
6173
3622
5754
218
6030
6188
2741
6654
2203
3410
1558
7236
7047
6487
338
5222
6579
2091
3000
2534
5135
2400
1082
6265
747
4396
6877
2960
4674
7564
2914
2979
6342
7533
58
1250
5254
2416
2357
6429
4428
4127
7249
3146
1456
4159
5164
340
4791
5394
5440
6548
2280
6279
7549
1934
6110
3597
3109
5642
1950
6889
2285
2253
731
3443
7010
6773
6403
2521
7410
828
2723
7571
4054
61
3961
1261
4292
5694
2041
131
5888
5111
5472
521
5192
7111
5833
4151
2071
4826
6390
5753
561
2146
1526
1632
5159
1063
2872
4565
3167
1071
3120
2216
2663
3214
4787
3671
5491
505
1031
3178
3910
1907
2276
7162
1706
5139
2274
1939
4258
4081
7400
5258
2474
2920
958
1249
5617
664
3804
3351
4212
7113
5816
4471
5060
3635
3067
3660
3555
5448
2141
2668
3094
7016
5134
1251
5435
7224
5136
2914
2539
6575
2991
6786
6755
4568
527
4784
93
4715
2151
3924
6589
764
1832
1771
5829
2176
787
6847
882
2391
92
5375
557
4715
5852
4543
4569
1621
4180
3870
163
435
5460
2852
1409
6209
5547
1245
1269
589
1374
7478
6441
4106
6966
3031
3063
7285
7353
891
4321
2774
5405
2554
6687
6965
6102
3900
1495
2119
6573
5723
6616
5668
5777
502
7359
1185
349
253
2155
5350
6675
1670
7523
7026
2684
7478
6233
4660
5321
7125
1360
6520
376
6183
3627
998
4058
5641
6070
875
2363
6122
2392
5822
3144
6133
4185
1737
1221
3449
6542
5363
2475
4047
6834
7516
6875
121
3666
2727
4893
7116
5846
5466
3799
6616
2552
4925
1570
3155
7106
1911
7161
3203
5781
5767
3278
4489
6692
5529
3306
3839
6721
6828
7429
3762
6785
5000
4561
226
2083
5568
7563
479
1682
5691
3186
560
4863
3703
93
6547
1872
3062
2217
5486
4669
6149
2524
7128
7493
715
1965
7220
3188
2797
6992
1661
6731
720
4073
4227
1020
3348
2752
2136
7413
4780
2614
7156
6976
3220
1520
3518
3782
3427
7457
647
6769
468
884
4107
302
6557
4104
7560
4105
6507
7449
6813
7082
7127
4982
2362
1302
5522
2372
4455
263
3956
382
2528
1185
5924
6691
3883
3330
364
4944
6948
2537
800
3469
1982
4505
5927
6850
3610
4524
5579
1365
3540
5613
1817
2311
5154
2122
5196
7089
3941
1373
5537
3205
66
6048
6681
4605
3363
7396
5074
4708
3825
978
2204
4291
6333
937
2817
3020
2368
1791
4703
5114
3556
4266
3332
1158
5072
7467
848
3826
5210
2550
2430
3748
3111
3971
3432
3882
7555
2367
7027
5977
945
3488
3707
5075
553
1788
0
1296
1608
869
4457
1575
1639
6741
4643
4646
5941
6538
6336
6433
3518
5330
4810
3618
1215
679
1425
1995
4545
3269
5046
585
5521
4732
4002
7380
3456
597
1244
1152
4005
825
5869
3434
5292
4690
5397
3787
6896
4562
4372
138
4011
5942
5288
2874
7457
4507
4585
790
3846
7121
1469
4975
1262
1990
4483
542
386
6485
2152
6653
4861
1681
4167
6058
3788
710
5055
3207
2215
6448
43
3669
3189
2140
2916
2308
1405
4082
1189
2283
1168
397
5788
3143
6010
3169
3717
5653
7466
5965
4724
6576
4209
3844
741
1340
5875
3997
4883
5238
2447
7234
4175
366
1250
2463
7461
6119
1909
4092
188
3529
2987
4420
53
1836
1189
6205
2882
4988
6155
1292
159
1522
2686
6506
3512
3567
5468
3898
375
717
7422
2381
3171
4920
1969
7401
3114
4658
5413
6416
7206
3208
6221
3352
2183
2316
6087
5318
4449
748
5070
952
5736
2058
4020
6623
5933
1857
3621
7393
5794
2021
5643
5826
1283
7199
6607
5869
7523
1105
1100
2398
4657
1903
210
1977
4393
4564
3305
7190
6883
987
2530
7248
5438
967
4288
2459
6713
4982
21
5673
5225
7537
1236
3737
2908
2450
3426
2048
4699
1515
962
4210
4650
7311
5336
2832
7167
3092
621
3422
3521
5193
2419
7275
625
754
5554
4799
6628
3228
3483
7506
5189
2839
3579
7178
5218
2772
1489
825
325
3730
900
4402
2242
4711
3138
1920
6445
887
7166
7040
1519
1452
3617
4287
2458
1180
4948
7364
897
2267
1507
6752
2103
3236
6172
242
685
7261
1315
4403
2558
3699
5544
2312
4148
861
7310
5030
2529
4226
6725
5969
2710
4814
2979
3420
2471
1557
7336
7525
4072
34
3137
3463
5647
3640
2698
6026
25
662
3216
4065
3863
2985
1999
5892
4053
7389
1742
6727
1956
1293
6073
3478
6887
4741
2172
4435
3486
5603
1196
2688
5978
4827
4350
3811
7430
202
3925
1649
5457
6107
3727
556
1795
5530
1254
2676
6139
2662
2182
5936
4535
5559
7170
1462
722
2807
4201
1705
7482
3828
3356
3296
3889
699
2184
802
5364
3617
5337
4979
7231
2630
1937
5437
5684
2697
4103
2750
7128
1320
6755
4387
1422
6038
4397
3570
4098
4360
3470
957
2833
2912
2129
5095
1333
4429
623
11
7026
5904
1199
6501
4584
4252
2446
1287
1531
7120
7332
1350
4024
3245
4164
1782
2687
3913
3598
6643
7376
944
4438
6907
2739
3494
6157
4933
2376
164
6706
6571
5483
4503
645
5221
848
3993
7470
5789
3963
7135
7155
5685
4081
6047
4513
6452
7014
4345
6251
6359
4266
282
1877
6497
4251
3595
444
7541
5080
3321
6666
2980
6455
3963
4803
3786
7131
2708
5410
4370
7338
6357
6031
1434
4158
77
787
6021
409
3206
6955
4404
6146
6358
4343
1498
4460
6615
4117
301
2424
7427
224
3768
6028
2775
1749
2709
4765
7114
5322
2717
1339
6328
3497
472
1528
3016
3520
4696
535
3150
593
4216
6734
6247
2987
6303
7177
5208
706
5404
6486
4974
6761
944
3605
5076
1122
5518
6327
3760
2511
6646
7320
1499
6493
5234
2910
3280
4789
4344
173
6240
2383
1357
2934
7278
2952
5519
3838
5113
416
1711
5912
3628
5372
3144
5412
5281
6272
3851
3391
2460
6853
1391
5604
2877
3532
7484
2195
1610
4328
1825
105
4470
4608
6922
477
6203
97
1382
3101
767
489
1886
1479
4733
6584
2445
7501
4852
1251
2753
3814
4621
3430
1324
4392
7126
6754
228
6864
4654
4317
5260
5509
5617
2247
1933
6879
6999
4682
1107
1318
1522
3413
1815
3560
6263
5717
117
3054
5362
7247
5741
5366
4194
954
6463
876
6472
3116
3612
5931
6244
4575
3710
6408
7425
2670
4791
7233
4869
7554
168
893
6050
5957
2289
5181
3056
7231
1611
5747
1242
2072
8
5660
4841
7443
569
2249
491
5025
6088
7023
405
342
6962
4387
5928
5309
2386
2346
4519
5820
3919
6737
5582
2075
6067
5249
4566
2168
2651
1495
5213
5519
2527
6825
5733
1801
4353
5488
704
5085
1247
6830
284
4136
3437
7347
4903
4815
6726
2517
2188
4494
4746
3247
5506
6510
4082
3732
6557
2755
7201
447
1027
1734
7036
3252
4250
2048
896
3789
7032
7223
5468
6092
4935
7175
3485
7123
2004
2155
2509
2493
6179
5935
3070
1800
1299
752
4918
1219
601
1778
468
2414
4689
3686
5218
4170
2199
48
6660
4969
4163
4169
6611
80
4342
650
2096
2995
7103
4743
1015
877
5079
1012
3879
180
5399
1098
5132
3808
6245
6323
343
7429
1172
2019
2065
1973
6789
3651
1151
3783
2504
3710
5595
4137
4937
4889
3004
6823
4262
581
4611
6708
2266
4860
1881
1838
7368
4451
5353
2307
1974
4366
6378
1684
4919
6183
1395
1469
6964
7401
528
3736
3645
4008
1360
4347
2360
1268
6492
2074
3276
6462
6288
150
7557
2288
6391
2412
2970
5024
766
3419
3275
99
4530
4707
2272
918
5523
6791
4541
4687
3387
5824
838
6861
5224
3231
2929
5723
2022
6458
486
6377
294
6747
465
4686
6073
2626
724
4413
4221
5142
1481
2251
534
127
969
2994
4601
3827
6381
770
7180
6848
7232
626
519
6149
2654
6332
2313
6278
2151
3798
7050
3461
3010
1165
3715
3939
1985
3880
5051
7290
5614
6963
990
5565
4162
5895
6016
780
2236
5186
3936
7458
1950
5464
7288
7546
1386
6305
6241
3957
2487
2647
4384
2163
7223
3284
588
934
7403
75
4299
2343
2267
603
7335
7055
5177
1639
3112
2961
531
2365
3081
7411
5243
6227
6235
5771
7506
5682
3319
7222
457
4755
2907
4612
3438
6166
6915
2028
6882
5034
5061
5821
6454
5504
6742
1552
6648
7450
4659
3741
6693
6337
240
5705
6537
6562
6131
5736
6159
5133
1983
1779
4482
165
5423
1746
6790
3024
1214
6696
3183
5056
3542
4293
1937
7243
3053
5041
3431
4892
6977
3634
7102
7273
1311
4091
4385
7146
6804
6466
1170
5266
1891
3557
6969
5401
334
2726
3968
7253
115
3386
3286
6685
6321
6392
6234
3023
1523
106
3219
4133
6191
3074
892
7087
7095
2873
2751
4267
2219
5760
4890
272
590
7143
566
6330
2653
6173
642
6178
4646
6665
3303
3802
2408
1502
6264
5845
326
5087
600
1764
3349
399
6283
7285
3999
6707
2706
6664
3382
6711
1034
644
5873
3790
2302
883
6601
2757
2347
783
3884
4042
6689
5296
296
2191
1226
5989
2990
1256
5439
2886
5443
5094
359
4434
4450
7503
947
7270
2098
5739
3653
2233
1213
5936
7446
2889
583
827
453
1504
6578
5991
1751
6209
4229
4817
743
6544
6428
1477
6041
6124
6365
5595
4522
1563
7296
3634
412
4928
1487
3175
7028
5567
5612
1588
2846
5098
1956
4878
5522
2692
3536
2042
4862
6349
552
1993
812
4345
4411
1899
7515
2031
4908
3041
6347
5573
6450
6819
2090
6163
5743
4542
4823
2455
1378
1699
1715
3674
2535
3087
824
7001
1433
521
849
1709
84
442
5339
1826
976
4121
5598
1851
3012
1761
3350
5909
3624
763
4776
3327
2258
3123
863
4934
635
5879
1925
7449
5680
2011
1735
5368
5403
3744
5549
5294
3140
4556
3100
2729
5931
425
6816
2091
6598
3024
3848
6487
2090
6518
3915
1194
5082
4802
3978
997
2620
3741
59
5664
4036
6582
3412
2069
7298
323
91
3811
1282
1924
1060
6867
5150
2609
4924
7383
2939
658
4462
995
4413
6998
6709
2558
2717
6951
304
4862
2515
6679
4920
2701
7046
3860
6403
6089
4967
4992
2632
2223
6936
1352
4755
6537
785
2600
5264
1616
4762
3225
1506
283
3615
1098
5073
1405
4316
4236
1874
6639
5167
2976
1449
5725
7448
6188
4414
1002
482
6207
2144
496
5880
2744
2655
3857
5996
329
4666
2206
6114
6007
672
3603
4220
3133
526
208
3434
6740
5319
3405
3002
5826
4279
1782
5974
1776
4198
1448
142
830
6598
7266
270
3564
4939
4910
6500
4568
2170
7337
6249
7101
4311
4632
6702
4605
5273
1227
2178
3616
3480
4021
3979
6810
4247
6019
2702
6315
5053
5162
6405
2637
2700
4735
7439
5861
3259
4779
6644
4437
4075
5782
4699
382
3334
3604
1943
7185
4150
3920
5497
1696
31
6580
1738
1631
6727
665
1666
6641
2881
2585
2315
6917
6747
1202
6824
721
1899
6499
4222
753
4574
6456
3254
6869
5079
6802
177
2260
1326
6066
5610
3678
5860
6999
267
1626
988
2481
4364
2210
4175
1295
6995
630
5010
7216
5827
3453
1427
5639
6948
4416
2569
3124
215
3785
3869
5206
2790
3265
428
3988
480
5503
6865
4225
1599
7088
3583
2293
47
1664
5065
1113
214
4324
4547
6394
3398
7342
5190
3088
7079
136
638
3506
7543
6197
5451
2804
