4341
3801
445
1722
2211
4054
8598
2936
6330
8403
2143
2643
7856
3375
2723
8436
2754
7247
4954
6559
8973
5323
428
8771
8459
751
6318
8640
1034
2710
3240
7498
4983
8871
4624
593
1990
4528
497
3023
7591
2569
171
9558
8957
4599
2852
8103
4134
5891
8029
7596
8434
4089
3266
7147
8469
5836
2833
8438
5949
1885
1431
7807
2518
6481
3666
1322
5773
2525
4681
2466
9043
6815
5280
3250
7042
4057
2639
5687
3355
7419
1325
8136
6315
7737
365
3032
431
775
396
3289
5196
1135
8626
4473
173
4547
4582
6243
3493
1489
9175
3582
8998
6592
5873
3702
1669
4040
3863
9368
1830
885
5371
3448
7466
4109
7179
4267
4330
5565
7542
686
5309
8488
8090
3841
892
6444
1423
3565
9428
5965
3845
4369
1638
7703
4781
682
2090
8108
1675
1256
2388
7691
4809
783
2550
6488
6632
4498
5498
8921
8157
2931
8767
7112
5446
205
3100
1469
6549
3687
816
7330
7921
170
3849
2715
5528
3564
4955
8064
7778
2402
9106
5954
2398
8528
4303
9380
1480
7135
468
5556
472
4029
8185
2289
5918
7789
2518
3738
9087
495
2414
3349
1121
2309
5764
1487
8156
4451
7758
5628
3763
7928
7033
6116
6454
9440
3899
5250
8382
353
8994
649
7977
2991
9193
5521
1284
1369
9052
5056
9239
7662
4759
7929
3881
5146
3132
3521
190
124
6579
5519
1032
3277
2520
5135
1436
7547
7692
7754
5143
7937
1038
3701
611
2421
328
6909
7091
1072
3492
5260
7927
9315
1882
7222
3725
327
1015
5275
490
9347
6433
6327
9530
8198
9267
6049
8232
8988
162
9342
3879
6601
5093
7349
3787
2468
4745
8954
5216
3779
1278
4685
7222
4272
270
985
5378
3724
9046
5374
2858
1097
2967
9504
6735
6263
9573
6501
4112
1455
4433
4153
6049
4674
4487
5103
4715
2582
5413
2368
8582
4423
7750
2504
1465
542
2656
7212
2489
3239
3228
8034
2050
9095
9565
4082
3830
6923
5648
2246
8530
3358
754
6560
2410
862
8637
2552
5218
8395
2012
1600
4116
4400
3386
226
9349
3829
5725
3888
1883
5491
7417
4211
6926
3386
6872
8445
2530
7110
2392
1036
5343
6094
3571
3839
7431
2131
9040
8344
2108
5789
3868
7160
208
9586
7816
6597
1522
1687
5784
1769
5798
534
5532
4967
9537
6808
477
578
7914
1031
9484
7381
5996
8852
146
5138
4418
7362
913
7356
7036
59
2543
6151
3454
8397
3450
5328
7470
1443
3962
4129
702
7032
809
4934
319
5598
4719
7015
1373
2852
2092
5356
5965
2129
6911
444
5634
2777
7664
1602
7170
3967
3699
7934
4093
6929
7234
49
3049
125
3517
6908
987
6323
5612
9289
9531
4739
1819
8305
1235
5272
5284
4357
7665
2972
126
6265
5506
297
7219
5983
4714
6524
2430
6480
5781
1960
3874
6166
122
7763
7604
7229
2870
3270
6571
6541
2432
3743
9395
3185
7108
694
7279
7049
6894
1388
3287
4544
4863
4077
7767
2510
7663
6416
3975
7266
2242
1835
2988
5741
8876
7858
6428
3615
738
4988
8125
7354
7562
370
1198
8070
2483
519
3601
5726
7113
1080
3070
1576
5530
3751
4496
8903
8168
2369
8456
9197
3308
6937
763
2697
3449
6117
357
2431
6234
9132
5
8726
432
7672
188
1808
7631
6427
1878
7369
2991
2673
856
1989
1073
5370
7342
7687
5668
8066
3726
6813
2253
1017
436
8356
1894
4420
1590
8571
3408
2834
6713
3126
379
9213
3509
3543
8554
7360
6494
6441
2667
169
5707
1571
7254
942
616
8923
6065
1466
2654
255
7003
5817
2321
4344
4467
1257
73
5305
8916
4197
8308
3278
4949
6585
2957
1569
267
2438
4342
7572
3990
1573
8701
7845
3079
8724
5415
7097
4583
8946
3311
5740
465
6072
1229
6980
7126
5590
551
6580
1013
8948
2446
295
3252
7782
262
5285
4409
4808
4972
2375
8304
3550
1233
8875
5616
8382
4314
6711
6083
6086
3655
7236
1332
2404
8668
1587
1734
8551
6449
2266
7824
7810
7392
3946
7398
916
15
2174
6405
382
9039
7393
1219
7747
1179
8814
4543
3762
1512
4491
4261
9457
826
7725
2926
2397
8616
1106
2138
3221
9196
4411
7270
3931
5045
4807
476
6661
7098
2318
2221
6565
4737
329
1243
9093
6075
4063
7502
7134
5980
9241
9466
208
525
7617
1470
5109
6346
9258
5529
7793
682
5544
771
2311
3911
5140
9602
6557
1609
3538
6986
3035
7937
6145
5719
7792
4993
3264
2649
1892
6192
6545
4184
5228
2497
2002
7021
2147
2959
1575
3814
2046
6467
8527
5152
1594
4827
2581
8126
2839
6953
8897
3209
9274
3049
265
833
581
9317
6814
2744
12
7410
1745
6466
964
1743
1114
8425
4943
8032
4181
1952
8683
3105
7513
2719
6911
8516
2161
7068
3529
7891
5533
4670
1907
4971
6951
2037
9006
3596
6761
6131
2270
4579
7115
2119
6084
8714
9017
1319
2492
6947
7327
5488
1622
6534
8163
1879
9598
1942
8118
1430
7461
781
7673
8222
8194
9358
2810
4531
2634
8368
7765
4175
3466
2313
1260
7483
3094
1550
6625
4777
6278
7502
2898
7293
587
5744
651
6380
4178
1920
9477
2899
354
978
3781
22
5346
7010
3225
6307
6405
786
32
227
4087
5129
7263
8927
2214
1341
9385
7317
8781
2023
6844
4915
3314
3006
1141
7608
6826
2918
857
6256
239
2566
7638
5502
401
7869
8857
1407
6996
6982
4465
2731
3534
8844
295
8861
1622
1984
8725
3124
4874
9517
5626
1962
8468
4700
1275
4492
7862
1353
7023
2703
6246
3678
46
8673
1661
7298
1128
7993
9007
1567
5360
3595
3376
124
2832
8379
2014
3391
4834
3687
3906
5718
166
8019
8166
7083
7300
2827
8914
2238
3146
4327
754
2105
9358
7766
9421
2285
8911
1401
3785
2047
9145
7737
3157
3728
1860
6924
2977
7670
2142
8364
6864
7522
702
6948
1625
8095
3004
533
6183
7677
6528
9579
2982
6370
1574
1991
7405
1895
8272
2173
3767
2885
9037
9233
8864
7566
381
6209
7316
525
5616
6412
1513
613
3435
2417
7326
2949
3659
4925
5230
8073
5683
4530
4629
203
877
8158
2387
9072
285
5383
7582
5192
6865
6486
4246
2728
8618
3838
8561
3008
2486
595
1380
926
2011
3318
3515
9307
2344
291
8657
9579
6317
2809
2318
2358
391
4753
2347
3117
5643
1781
8260
999
9032
2674
8773
6089
5452
6972
8891
3699
7684
1393
5402
1915
5309
5653
3329
3569
8345
8554
2946
1935
1964
5433
2342
6267
647
7054
8855
400
7415
7975
5409
5071
3876
8549
8672
7594
572
419
4285
8480
7718
950
3195
6329
9581
5320
7384
8074
4297
384
8673
4706
6895
3080
6385
8911
97
6404
5729
7961
422
8176
5764
5746
3343
4847
1974
2089
8614
2238
9413
179
1750
2923
3379
6451
9220
1951
7171
8407
7086
558
4146
4708
7748
4409
325
8300
573
2380
6077
3635
78
6015
1283
8745
1323
732
4468
225
6416
3106
4832
5948
7698
189
9322
3477
8193
1854
6876
7762
9302
9539
1559
3259
7028
3125
8476
8719
7929
709
5010
6748
2745
6940
6828
7957
4805
7012
2706
2944
6004
2785
309
1438
2395
882
127
5512
4963
3337
7546
6368
1833
1678
1636
6228
581
4984
2679
8470
6888
2287
2474
1937
5217
8856
3055
4155
8912
8533
9470
4602
7224
6155
4978
3579
4077
5529
5683
2066
5386
101
2933
6273
6964
5034
2631
5937
5094
5123
6124
5456
4860
9397
2234
5468
701
4734
3907
6167
4989
4136
1395
3577
1168
3817
1727
1478
6687
78
3032
5972
3296
2435
7740
9209
6358
5264
2130
7225
7940
8878
1634
7202
1422
6079
1725
14
1100
4499
454
1591
1570
2427
9059
4855
7051
6796
9461
4064
196
4638
3153
4351
2862
7193
3586
5474
1039
5472
3227
7089
3744
8523
3511
2323
7066
5055
7442
6157
3539
1969
795
4314
1664
5693
9557
76
6277
6066
6669
5513
5117
8687
959
9483
4914
8370
1460
4693
3179
7216
2716
2282
1948
6392
351
4791
8989
9013
4524
516
3646
3380
7294
8538
646
1000
1027
2160
235
9562
5861
5327
1951
3602
1391
4638
4103
1514
5081
4261
1140
7670
5979
402
4788
2890
6409
7605
8800
4607
4546
9139
5325
1464
1296
358
3817
2521
3442
8104
3303
4200
6855
8914
7796
290
9585
1877
2257
8248
8097
8209
3247
794
749
8732
2413
7775
6291
185
882
7018
7466
2551
8867
1498
3155
8398
5098
5291
7242
5777
967
2056
8724
9096
9452
1426
6300
5989
6700
5632
6474
7155
600
8878
3276
4174
6813
4055
1716
9168
7413
4508
2566
8349
339
2924
23
1308
1064
5575
3649
6358
3267
60
9433
7494
3844
6921
2575
6608
3394
4083
1952
3122
9390
8613
4767
444
8547
5416
3626
2501
8607
945
2733
7865
6398
8559
3066
7761
2046
5278
5481
6512
6718
1476
857
7796
258
4693
8831
3901
2836
8174
7900
8468
8394
3086
4269
156
7242
2002
21
3552
5489
6093
6706
1187
2373
3811
8157
2259
8427
8524
3113
5968
2115
7044
6468
1225
4847
736
9505
977
2761
6851
7282
3076
1153
303
2295
6209
7076
9472
6379
7106
2312
4751
2198
5638
7648
7180
2271
6271
9133
2494
1107
3335
5420
5522
3795
6177
2699
8206
3191
8284
2580
5684
6978
5299
8728
935
2179
2422
4476
7601
6544
6190
4101
4932
9129
3192
5738
8136
1963
4658
2722
2387
6620
6524
4971
2960
2778
4124
8458
4069
2576
5030
2420
3001
1379
5768
2230
3652
6487
8644
2822
9395
7844
4237
7859
3423
7396
5274
6763
3011
2868
5189
4002
2245
2633
2807
7525
8915
1939
201
2297
4888
4567
3417
4931
4556
3869
6762
9055
3048
8809
5410
9184
9480
3298
5984
517
2814
3013
9590
6823
1155
5251
7468
4150
951
7924
4212
5470
9136
2128
1050
5235
4782
6499
1446
1988
8742
6009
7177
4753
4466
3267
2535
360
5275
215
6222
5971
5163
5669
7895
2007
6641
4537
8920
9139
1255
8813
2573
8280
4917
486
6820
1712
7380
458
8797
5156
3502
8941
1803
7754
8087
3033
4801
5037
1455
4744
3587
8712
8484
7406
961
4555
5459
9004
5893
4309
1864
4765
243
2215
8253
219
8516
9345
3345
2891
1264
7200
9402
1208
3496
2675
2362
8866
3695
8216
7676
1304
8982
1500
9577
986
8900
2315
5183
1195
6867
1534
8011
1427
2110
8510
6081
9237
2356
6938
6788
8010
5331
9198
711
4172
4875
8311
960
2376
9041
2513
1731
4291
4105
1523
1201
2007
6201
7160
2183
7205
9369
661
5724
6108
6339
8749
3012
7506
8602
3203
7130
8093
4925
200
5803
5741
2201
3658
8377
5625
5370
2883
5923
7153
2193
7634
4493
2136
3908
9597
3710
5073
1473
3508
7921
4086
5623
709
5010
267
3951
4429
6250
9227
2282
6276
9257
6002
6265
7798
1167
4054
913
3236
5645
6806
500
817
4147
7555
2037
1699
7666
6226
4742
615
8357
5963
1026
6579
1242
7482
8812
9118
762
8793
1258
3620
6152
956
2854
6035
5399
7688
3168
5319
8676
2766
7137
9578
6802
7791
7304
4253
1959
703
7378
1000
8525
8768
8641
5479
2688
7061
4729
1047
8578
6261
278
7298
3714
4121
1301
3769
7514
417
8874
8718
5848
5788
5969
2602
7896
5143
6173
1644
1383
4622
4113
3557
3272
2345
2565
3040
3732
805
2370
1091
9086
2798
3879
9374
6780
1855
1633
5869
2797
6231
2316
7603
5108
2855
8308
6028
1985
2188
1207
8805
3591
4781
1715
5159
4759
6207
1285
4879
4704
6030
7910
8855
5360
7411
5889
5737
7584
6131
9344
5532
4494
2100
5374
2185
1942
1406
5150
8607
6830
5088
8517
2689
6912
8294
2661
6182
3474
2973
5179
3133
7078
6253
632
8847
3497
6823
4664
373
7613
8936
1747
3347
1251
3224
9516
5034
7282
7238
8571
3405
8374
7116
6390
3321
8004
8086
3441
1516
6993
3124
3328
576
481
7427
9398
1199
2391
8788
5080
4569
4368
297
9413
980
1401
5610
6088
6442
3541
2173
3457
5405
2196
2608
1457
132
2865
4902
9321
7837
6163
5521
257
3142
2205
8167
7407
7393
8730
3204
650
3668
3840
4410
299
6640
2568
1298
7948
4490
1194
4697
9389
5513
4940
6561
5327
4920
2443
3970
1025
1415
5703
9021
7561
6699
8811
3304
7093
7925
2487
4744
6123
9546
6448
7683
1981
1888
4067
181
4907
1654
1852
8077
9057
2415
7922
4780
1077
8742
7649
9088
4075
1205
6510
5609
5733
2578
1565
221
5652
3132
8366
7946
6925
2097
8085
1157
3918
5541
4158
6661
1165
7567
3659
6119
3268
7315
8880
5234
5315
2353
1250
3778
7474
149
133
6025
4937
3086
1086
4488
5614
5818
2258
2760
7547
7537
6917
7192
5823
2439
3736
3826
8637
1288
8304
5889
9325
6887
8518
1555
631
930
3491
4324
8276
4185
5881
9141
5788
5771
6623
7692
1235
1124
1756
5477
4543
8934
9522
727
2692
5617
6889
8993
6715
9259
7898
7155
9303
2448
4201
3172
4128
1345
9556
6685
3985
3948
2354
8526
183
5314
5266
1359
5209
1143
6538
4628
1668
6206
8653
1434
3372
1243
6418
7844
9309
5937
7373
7027
3910
3160
5943
438
2627
7098
3683
3543
9048
7846
1463
4959
1115
1930
4949
4119
2790
241
522
9257
2979
4608
3387
94
6053
2304
4523
7661
380
5637
5921
3468
8158
3403
7464
1007
4398
8710
3547
1918
7966
8324
2140
1238
1108
7375
5027
4508
7523
2985
2883
8168
7095
8883
4210
4066
7471
3745
9591
4051
8888
2275
2555
1679
5775
7835
3408
2023
8614
3436
5674
8746
2081
255
4801
962
8447
2302
1966
5496
3505
7908
2840
1703
9178
8507
2545
6885
7364
9341
1606
2550
8175
1677
5927
6767
5475
8667
1089
2374
8401
6239
4338
3390
140
8235
6604
4063
9253
494
6382
1490
4885
1142
2611
7082
3143
1689
1092
8576
7475
7248
3897
4296
2816
4500
3208
2662
1799
4393
984
819
5117
7164
4183
7714
843
3115
7999
4454
8738
6630
8083
1913
7149
7005
2516
4038
3150
8709
6572
3238
5692
1280
417
5055
7497
6469
1234
5624
3262
7347
8169
8342
3566
4738
2261
8314
5835
5125
8837
6781
5543
8061
821
4137
854
5241
3458
4632
7769
9507
2091
8450
6852
5178
4419
7310
662
6802
5265
5863
5691
5464
6275
2804
8984
250
9384
2968
7132
3061
340
6482
1607
3860
540
6023
1677
9245
6652
4799
9112
3109
85
7720
3759
4677
1683
8638
522
8744
2426
9550
3861
6301
2694
416
820
3927
2843
9357
1754
69
2417
3809
3135
835
57
8545
2746
4807
5254
668
3911
5738
4513
5765
1945
9421
6736
824
1261
5920
6782
81
4449
1380
3758
8965
6464
7148
1446
5387
8503
3463
8987
8999
9106
8589
602
6878
8110
2683
2721
1964
7440
2598
5093
8159
5864
6290
86
8727
3292
1053
3017
6453
688
7549
6010
2651
1405
7069
7388
3110
8635
550
8399
6515
6697
1574
9330
5850
4939
7802
8549
7669
1768
4435
3815
1420
107
2026
5661
8534
8246
3065
5442
2716
4908
5263
5404
5113
5599
8482
5468
8581
1648
1405
8865
7156
7027
4249
5149
6738
865
6408
2935
957
8273
3173
4719
4277
1413
3
3782
51
6742
3059
6087
7346
4913
3144
6741
7886
4579
9540
8756
5422
2347
9429
9009
1197
4534
8641
4777
6866
1968
1119
3932
3221
9123
6658
1058
2337
5106
2360
5488
1929
1090
4248
8387
2507
5936
1272
86
9272
2784
322
4439
5376
9161
8346
9549
6368
6845
7253
1475
3322
4446
5153
8309
8777
7128
985
7283
5866
3604
172
6111
4978
8208
4570
1575
1741
5800
4041
1779
4363
4103
1426
7291
1471
6831
6708
7695
7443
4010
3406
6314
7192
425
2652
1392
5049
3735
877
7988
8515
3039
5364
6853
3693
4517
374
1528
115
5148
1357
4002
6746
5458
4122
9096
4536
7740
8927
1044
5204
2528
5175
3101
4205
6107
3057
4403
2267
4578
3302
3061
2460
9098
7719
7378
74
9155
5174
8869
8091
3962
4373
545
9411
627
7286
3196
2937
5307
4962
8565
4112
4831
652
6345
8941
7691
9151
2360
5153
8736
3918
437
8706
1003
8636
6743
3504
4465
8159
8092
6714
8437
5101
2498
5842
6361
3492
1890
7001
1145
4320
4956
9401
1876
5385
4189
3933
7208
6069
8929
8301
7515
410
3586
7941
6824
4952
7772
1066
4523
3891
6512
2480
6737
3889
8100
5595
2264
138
4041
2065
8170
746
1055
2218
4331
2551
8675
8987
1335
1
965
6103
9337
9235
501
2892
4550
3051
3316
3336
8789
2500
6413
4939
2342
9190
8876
6369
527
433
1628
9038
647
1486
7301
9112
4332
4619
9513
272
8227
6959
7009
3790
2713
3945
1462
9076
334
2584
1567
1064
3629
2524
2688
815
6738
6667
2412
6748
8848
2796
7064
7402
233
4035
2731
427
8820
6442
6431
7722
8040
2579
145
8463
943
5518
3592
4974
9432
5703
4413
1750
6635
2989
4194
3514
4282
6798
7580
9208
6434
9331
2536
5053
5493
2256
6877
5133
8615
2400
353
5500
3674
6631
3353
9281
8347
2757
2377
5221
7467
3654
7350
1262
403
9247
6821
5600
1189
7962
5792
9346
1616
1294
5465
1223
7197
4546
9467
412
6722
2604
8291
8386
8713
3958
2187
859
9558
2408
1645
1259
4773
8313
8792
5774
92
5033
1926
3810
3211
6148
5562
6784
3361
4645
30
7194
1822
1539
1815
9056
8396
1042
209
9295
5392
1807
4102
5467
4058
108
1736
5624
7431
862
6100
1421
3950
6072
147
9334
8327
582
6908
2268
2233
5183
6920
8167
7047
594
226
5337
1740
7034
4348
3479
7986
5247
7530
4857
715
6285
5639
8411
579
30
7519
6322
4118
8343
3071
4843
9553
1317
1208
4843
6607
5104
9127
129
2630
5118
2765
7285
2694
625
5884
9240
1018
2112
4283
7068
314
4036
7564
6654
4948
6840
102
4152
7351
3564
3321
6958
371
3360
8301
8807
1748
2985
2671
6583
6191
9186
2955
7189
3858
1299
7784
8796
8003
3648
6363
3398
2004
8229
3410
4836
6797
7960
8824
5828
4901
32
5713
8835
5915
3686
1654
1231
2056
5791
1519
5304
9024
7137
791
2914
6037
7536
7988
2492
5401
6734
7405
1579
3873
4709
3357
8499
6679
9451
7485
5262
5348
7085
8424
9310
8510
4900
8357
7310
5739
1176
7465
74
2306
1355
5581
3904
8375
7936
585
1631
8669
3317
7614
1286
2711
630
1263
6320
4715
1794
4669
2994
2764
6820
4359
6089
9327
5206
6097
7856
9264
3048
5860
1442
5059
3325
5750
4802
2410
6342
6900
1222
9080
9076
8546
7738
7675
2516
7566
9484
7828
4135
3214
9491
8231
870
316
8055
371
3122
9453
2397
5105
8035
5567
5665
5505
6662
3846
8764
1950
5961
1558
2653
6311
7973
8608
6897
3007
969
9477
6044
2924
4180
9165
9506
5014
1965
5255
478
1267
4572
9059
4230
6074
3963
2707
3353
5786
8532
8412
3363
4371
8417
7344
366
2512
735
5862
8775
871
7991
6098
8426
2361
8268
2753
4347
551
648
2186
5606
9071
3278
4506
6963
3747
2994
1252
835
1520
1414
8486
5900
7993
2160
6723
3028
4900
6794
8843
7345
7201
4051
6027
2334
2730
6334
6166
6017
3710
623
6451
473
3603
3263
7706
6694
3664
9506
8412
5898
9596
5430
6638
7481
3005
4623
6360
6300
1332
3729
4410
7863
4667
7434
7554
2293
220
4567
1065
8566
4883
8922
3248
1661
486
625
6139
2917
2337
2645
2530
3027
1556
484
3039
662
7830
3475
1672
4490
7864
6162
1461
5629
4386
3696
706
3369
1713
1596
9038
9542
9187
6525
1218
2017
8032
2727
595
5905
2250
4123
3372
1737
9428
7880
3788
8028
1333
3816
9269
4895
3947
7411
6053
8588
1189
8704
4286
8841
9489
5828
7952
8315
6219
8461
3660
2212
1431
1416
2015
2669
1535
9069
707
9190
3623
1435
1097
8093
3741
6031
1906
5567
8887
4425
4303
508
8491
8546
4331
8840
7452
2499
2348
4783
129
1441
7526
3828
5770
3087
6193
6071
1219
3133
5941
2332
1289
1068
7109
1772
7077
5892
3425
6913
8013
8048
1658
4873
8643
5260
5235
8881
8603
5938
131
9545
6130
6328
9314
406
8421
2882
1440
1862
4120
5620
1886
9509
3938
306
268
7767
4269
5230
8016
195
142
7487
2839
9336
4519
7658
6520
1492
8872
3932
6296
739
655
5234
7997
3283
7342
7899
4979
4640
2790
3272
2983
2078
198
7997
898
4804
428
2899
3940
3772
471
2736
9143
6717
4870
6143
4169
5261
4405
1506
1863
7372
3936
8427
7271
8037
830
9499
8249
1983
7572
7119
2118
7876
8951
222
4541
9311
165
4343
8604
3219
1390
8531
5837
3700
9122
6674
9363
4056
4401
7244
5288
9249
1009
5070
6640
8234
901
2696
5559
1011
1432
8151
867
8432
1891
3193
1032
1321
5070
6102
9381
1608
1152
7198
7725
9016
8388
4755
4114
1695
6758
8469
2402
5457
3101
2876
7503
2378
1552
7281
8369
393
8424
1993
4472
3230
4006
9391
6666
2424
5514
3180
3472
3324
8
3561
1221
6493
9146
2055
3482
1131
8414
3744
8975
6172
3078
3284
2954
3689
6090
6891
5994
2278
5783
5558
1534
989
1987
666
7273
2027
3024
1091
2249
4332
2785
4180
5511
1204
4251
8715
822
8053
144
3279
7207
3813
8668
6786
992
1094
512
4835
5776
1793
3618
9356
7735
1706
1392
4502
8205
2787
3291
7920
4938
8895
1246
5949
1035
811
29
9552
6225
2124
286
5955
8635
5888
723
3483
4032
2120
5483
1642
9404
3404
6604
6575
4809
3385
3251
4980
4606
9267
1628
1871
9310
3222
1362
469
8297
9015
5294
9376
9060
2733
1541
3137
2115
3432
2384
2952
6175
5151
1222
1179
2756
6557
8058
5919
8913
9573
866
4117
349
7233
1228
7789
246
1310
1725
4980
4504
3523
9518
1396
2305
2412
1774
1303
969
3770
1449
4846
6456
3658
8862
2223
763
68
2548
680
9371
5869
71
321
8586
6052
5986
1645
4708
1918
4451
8006
4346
7618
4440
4004
5607
3458
4164
1938
2041
8061
2803
8091
1704
4368
9381
8589
5310
2366
7275
6747
1928
5644
3791
6311
1906
7548
1790
5077
654
206
3186
8698
9380
3093
418
1409
5894
6164
8316
6756
2907
8978
4292
5239
3894
2134
7287
4329
927
4913
6360
5471
836
1933
407
2367
1829
6702
1030
711
462
2990
6725
804
8339
9011
8126
6227
2998
5006
1113
750
2705
4785
7409
1153
3112
7267
3401
1306
3125
1398
8758
2941
1917
6939
7288
8842
464
1689
3973
8689
9025
5243
3847
8900
3856
7975
3201
8852
5901
1553
3547
7484
6785
8477
1829
4138
6287
4234
2953
792
9546
261
4438
6240
1068
9329
8172
9341
2434
154
7626
6297
2225
3355
5268
5220
7918
6326
6067
6873
6091
8974
149
7781
2048
2779
8054
9343
1724
2775
2093
5912
331
5111
6791
3897
5277
3644
1411
6183
993
3851
1787
3186
5407
7800
6180
6460
2197
5320
7341
5104
743
636
6684
8517
3765
5835
5619
1147
1435
6617
4787
9498
6504
659
7340
538
4339
5571
695
8
634
2109
829
8833
8188
2975
7250
7171
4340
8002
2911
8392
6259
2879
6137
8495
7943
6529
6517
1696
7783
7231
6693
5566
4534
7456
8435
8801
3579
9064
8502
211
3643
775
2117
5273
5622
5519
3779
4099
7429
8217
688
6050
8798
3792
5194
1138
9526
8117
8031
4849
5069
8661
6598
2006
6966
7936
6167
9088
4295
4625
1798
6553
4249
2549
3591
8893
8744
3010
7122
2146
2406
2069
480
5357
7746
3824
905
4470
6906
6545
8050
8252
9104
833
7617
3415
2871
6982
5003
1213
2945
3091
314
318
2531
1006
1084
5072
724
8376
3992
9225
936
5667
7556
8838
7978
3645
7303
2726
4343
5613
6147
4092
5090
213
2682
4288
5030
2845
4108
3712
487
2454
9254
5576
4906
9435
7058
7559
1409
7766
115
4597
6465
2707
7293
8784
3630
2607
5145
7093
6070
8977
4128
6181
5622
4947
2465
3205
4081
6599
958
5244
3898
111
9563
1421
6032
2490
4765
23
9434
6577
618
4220
4935
2869
5913
4758
8616
8081
2462
2637
3494
2983
9161
8956
7210
3249
1588
2398
5659
7124
6196
7375
287
5568
2072
1281
1020
6043
3512
5025
3410
6999
7088
8772
139
3350
9460
943
75
6603
650
4672
7107
8484
5561
2571
7421
8723
4761
6472
4197
6298
5584
7633
2998
9481
7162
4317
7817
352
235
5715
5563
1944
2284
73
5180
9241
2134
9424
411
936
4481
2324
4407
7348
2981
3880
7923
4591
4736
9081
4668
9134
2328
8423
9499
3184
5895
5948
2640
9254
4810
2379
8556
1815
4361
3439
7813
6927
6952
4322
900
6696
5206
7074
5297
7357
7879
5359
5561
4529
9465
3418
7085
6538
9172
5800
4321
9543
260
3639
9203
2291
1681
5969
2201
2708
8101
1578
6158
107
5642
504
2612
1712
3678
1357
1760
3567
5341
3762
3308
7351
6942
453
4893
8565
8160
3501
6194
1644
8362
4630
157
6885
3990
1783
5257
7075
8160
7842
6652
9206
991
4876
6662
2701
4079
5099
4481
8945
6698
3210
4387
673
4075
5524
2165
2965
8266
1606
9148
4268
4629
9002
9464
6128
5813
1821
9149
5395
5181
6338
2092
7541
3738
6915
4121
1118
8682
6871
7030
2482
7667
7760
8561
4827
520
91
6382
6461
7576
2554
5885
4392
5223
405
7756
269
2800
5991
1587
5276
3215
8050
7447
6498
6996
8819
8803
8187
3484
8361
6563
5341
9192
9314
5267
3149
9456
2392
2252
8859
4666
3442
1749
8405
1917
8545
718
5655
1140
2208
1744
3389
337
8298
899
344
1997
1947
8737
52
3177
3342
491
7187
1250
6884
4773
834
9426
7978
2622
7163
3474
7939
921
6227
3988
8964
96
8052
4306
5929
9437
4048
1732
8197
2004
5398
858
4676
6848
9377
1291
6140
1697
5863
7329
5046
8726
421
2644
1209
8384
8121
8241
356
2525
6819
5267
7117
3175
903
483
5676
1805
6805
9348
2035
2517
8221
4375
6479
1439
5020
621
9163
897
4016
6435
6537
3501
7358
7428
266
8583
8004
2960
9423
4793
2162
3826
3600
3234
5165
191
697
4154
7528
4016
9471
4438
2054
981
3985
8553
3362
1517
4099
5114
33
921
4196
3046
5902
1632
7774
1673
7775
1881
2052
3503
2401
8359
5247
4727
6145
2409
7092
6789
2458
5966
4001
4951
1270
9422
3989
6401
3880
6070
7857
304
198
1989
3996
424
6788
7600
8747
7905
1448
9556
5597
5865
9496
4675
6842
5723
3123
9045
4972
6215
3071
5993
8934
8048
8714
5812
5088
7050
9576
3771
8645
4660
1083
8330
8236
973
1766
103
5401
4679
3387
4321
7852
6889
8337
8633
6420
7745
3511
5362
1640
1326
2095
9438
5358
7172
8803
872
7755
1253
147
1584
5130
5290
6237
5629
7944
2969
1207
1886
5101
8816
499
2009
182
1224
4301
1521
7896
7770
8203
8697
9305
2922
7089
4707
606
3848
8976
1025
5705
340
2303
6365
4225
1871
2220
7224
7739
1887
5250
1226
2181
4362
4425
4686
8922
5018
7381
355
7141
6191
7007
7999
1372
1080
7944
1275
8887
3597
2297
8144
726
8419
9525
6992
1036
8651
7940
1268
4730
434
6356
839
4941
1018
9260
7861
2787
7942
5324
2114
6733
906
6749
8780
7672
2083
2035
1051
3596
5292
9074
4213
7758
6695
8275
6784
8956
7726
4395
8765
2112
6129
8961
7289
6759
1087
7498
7474
3110
2999
2864
5178
9012
841
4161
407
7520
9186
8933
1613
4374
2950
202
6013
3986
8114
9073
4090
6313
2158
7627
9140
6197
2819
7387
5373
498
2610
8073
4549
5253
2287
6842
9078
8324
8215
2258
6990
5873
3507
7742
7587
6614
399
8939
803
197
5603
8278
420
9040
3636
5558
2605
5344
2077
6479
7662
7167
4866
4347
8110
3269
34
9110
6750
567
7108
186
8971
7397
4977
5747
2773
162
3467
9382
447
8009
3484
2482
6791
7055
8367
5020
8059
6388
6116
5697
8371
982
8832
663
2795
7448
3787
5336
9580
6234
5225
5151
5879
1967
7543
2678
8751
8590
8537
7623
2020
7815
7318
7500
5015
7870
4365
3117
1311
540
1465
6421
7946
7183
9353
2357
3728
7385
2590
6217
128
2427
8924
4157
4561
1083
9083
5731
3673
2531
8919
7574
3045
7913
3058
4167
2996
4806
566
8456
8743
3536
8085
4555
2059
4813
7850
3612
4618
8529
5229
8591
349
3053
689
8302
9505
5219
911
7598
2378
7545
1933
2687
7812
9490
1770
227
1564
912
7710
6987
3382
6367
1212
2506
8086
6254
2148
2198
6830
4750
770
3607
5964
7366
2335
3255
8353
4569
631
669
4145
2341
4327
9461
2523
2705
3074
1526
7291
4043
7392
8117
5134
6768
49
4511
1104
2237
1986
2336
3818
7624
160
7590
5978
6114
7236
5923
9248
6701
2157
4837
945
1901
6757
683
7531
1350
9238
7546
3745
4998
6431
5537
8943
1866
5051
4326
1325
1004
5736
8999
812
7577
3707
8373
7565
7217
6847
4275
3503
7128
5126
5335
8620
8289
469
7390
5195
4872
33
7653
8465
3677
398
8443
1550
9332
4532
6710
117
3528
4887
274
7693
6918
5658
2533
8734
6211
8195
4791
6869
2913
4729
725
8986
8327
2194
6543
3449
5979
5014
187
1898
3804
2029
5022
7043
4881
6759
3794
8992
3612
4526
5380
7715
9312
6600
2331
6549
9165
2314
8013
556
8778
6846
1649
6337
8978
2539
5167
8793
4308
2606
6329
7874
1319
613
2709
8173
7510
5909
1019
6392
8449
5645
8490
5353
4685
8031
5661
9319
256
6335
7843
5054
7897
9600
4510
3067
7667
4027
1309
1629
4402
5720
9050
1109
5852
1995
8818
8298
7102
3166
9239
7154
3246
799
2820
9346
5963
8258
9298
8953
8360
5127
4828
492
7355
4509
868
3468
9401
4443
3684
1088
6062
6992
3875
5511
1718
8393
8014
1919
3281
7606
3137
8617
3769
7632
1468
2719
8429
9064
5347
7000
8249
4334
2189
5763
8205
8267
338
4897
231
5530
8949
3072
2766
5816
4282
9463
6357
5538
4422
7507
9594
3081
7408
1885
6261
4293
4140
412
1596
9569
6809
8340
7465
1980
9149
745
9431
6220
6321
2295
4384
6799
1444
6614
2981
1836
3908
326
9125
6151
2234
5344
9459
6344
570
5536
6332
8281
4687
4643
6716
2399
4445
3423
5432
9316
435
5583
172
3626
5656
1665
5409
9070
6487
4493
2196
8893
4503
8895
1274
7646
6893
2460
9230
15
7622
3527
3056
5245
493
5105
9575
9458
6984
5264
7697
36
8153
7994
6905
9248
9237
1696
4095
2783
887
4527
1262
9367
9065
4273
6550
5778
9593
6280
7302
4905
7883
9195
312
3069
1063
4359
8976
7656
8766
3686
7454
9522
4924
6835
8063
7102
5915
8863
1740
1522
2567
8925
5233
5016
7397
7517
3248
1922
4614
67
2560
3563
2182
1515
1480
7220
6438
8265
742
4983
2336
6213
6249
5745
7287
334
1977
6502
7797
6655
3830
5575
1683
2610
3634
8877
6793
9383
9286
383
6243
5771
8816
1285
642
1934
6107
9111
7324
4798
2390
5582
1816
8808
7532
6965
375
2418
778
6195
7190
4763
386
9116
8000
4484
3455
4931
7178
1965
523
7744
8433
6334
5768
4635
6270
5867
818
46
3842
8749
4217
940
2859
6275
4922
691
602
561
8299
9416
8500
4239
5139
6955
3421
5610
6112
8907
6043
8161
4630
4556
5727
4025
161
5438
925
2433
4441
3096
7311
5555
92
4274
1525
5924
532
7268
2185
4560
3729
8049
9181
751
8774
9564
2169
9079
5974
2083
8263
1378
7366
9170
5895
3138
4412
1769
4204
5017
7835
4886
7762
6854
3476
4184
7370
4378
4062
7422
5011
8197
8421
4720
9547
4280
9521
4125
7900
1143
5637
7631
2451
7714
1663
8523
6632
3535
3513
2443
5922
5850
6898
922
5084
2354
4661
9221
6868
7438
9353
3480
2853
2224
4166
6299
963
8310
4549
571
8916
5139
8566
288
8662
8681
4251
2755
9527
3926
3866
223
1403
7954
4648
3716
6693
1220
6497
4484
1191
272
119
8753
4293
1328
5366
3462
3481
5810
7379
9451
3121
5452
6928
6717
346
1759
6353
4790
5060
347
7727
4912
7833
9285
932
7980
3419
5064
2020
3545
628
1237
4889
6447
4774
3906
9245
9475
3092
944
3530
8805
1098
8862
441
6847
3872
7842
3291
2677
1102
9471
3715
4829
3314
6055
4364
3569
9266
2749
1621
2735
5397
392
4290
4215
4394
8531
9485
7084
2782
634
2001
106
4008
3301
1160
3721
1121
5711
4500
7501
4003
9225
505
3392
9001
2011
1352
8920
6019
2880
8721
2359
3806
390
8352
7194
9142
1704
6787
8373
1141
8306
3271
2956
3150
1258
3914
2884
2137
9582
725
6554
1240
7256
2200
1844
3747
2788
2100
3180
7803
4557
2467
8519
5329
6375
6587
5036
8853
8712
5649
1266
1041
3784
9320
1019
6952
4823
4878
389
2078
8098
8288
6246
8968
1450
315
5388
9275
4597
7659
1823
7529
8969
574
2875
3644
1804
7331
5961
8171
582
2841
7678
2844
9222
9478
249
1957
7704
6720
8379
4244
6491
905
6600
7611
9528
7245
9444
1730
7394
7143
2408
7045
9238
7930
1670
8441
8233
2429
690
6485
8656
9543
674
5098
5535
6555
1992
8076
2659
8334
6803
1010
4092
7998
3490
1236
3218
2938
323
6065
2662
8182
1062
4283
4704
4829
707
9473
1482
998
4768
6633
2762
6306
5189
6457
9427
6721
8068
9430
2624
7261
9157
6153
4649
7953
6319
9497
1191
5106
1867
5928
5845
2141
6425
6378
6882
3875
5239
8423
9020
2850
2043
4600
4903
3610
3515
8369
1273
8351
2248
8521
9554
4158
470
9185
121
8116
3200
2758
5571
5154
1177
8870
1691
5171
5423
7277
5302
584
2203
7052
1090
600
536
2503
6896
2876
7773
2818
4797
4990
7446
489
8453
6400
2821
7141
3400
8580
701
7499
3772
5379
633
8291
4646
4244
2882
7274
2681
1678
6709
4825
2933
3163
6859
1052
8231
167
2113
6935
3396
7609
532
2509
1381
995
2627
7395
564
25
967
1863
1312
8021
8283
398
3471
3031
8672
298
1136
6348
4044
9493
6092
1727
2329
7571
7686
2851
4365
2456
5639
7721
5252
9562
8044
9529
4962
1801
822
7804
9322
1399
7121
1272
1700
2914
4242
4211
9279
8958
4826
2548
6896
9066
4817
4442
3098
983
9368
6886
8722
4164
3709
6526
8269
1167
2164
8759
6406
61
5494
6882
9303
1337
2540
88
9404
5758
8840
9030
5922
7259
6154
1543
3597
6310
5735
1277
9415
9250
3417
679
7808
7307
7752
5540
6584
4059
4748
9318
6060
3984
9481
1254
7202
9423
5733
4240
4462
9309
2796
2448
6428
6353
1495
7277
3042
4165
5435
4945
9457
3034
6994
7441
8177
3841
5043
3091
322
6880
1920
5381
5818
1257
5332
7854
801
5853
3434
4194
8212
1201
1614
1608
9361
7991
8985
9271
2463
1617
4397
3074
907
5042
3562
9454
6750
3558
7337
3694
6862
6644
241
5581
4779
1789
4260
7794
1868
4519
1053
1473
8127
3188
9214
7384
4687
6651
16
4030
668
8578
2076
2311
2572
5794
3854
9406
7363
4000
1008
3146
2943
2587
3913
8965
6676
8182
4489
1937
8779
3239
9576
6628
4973
9137
6694
1384
1353
3485
1519
7436
6430
5063
5549
3945
9169
2277
2159
7671
1925
7899
6039
3351
4315
8472
8676
1675
2105
7751
3878
2915
1279
3921
4742
5219
8704
5003
3704
8894
6903
729
8011
1364
3335
2689
5012
6969
4199
3502
5026
3223
9498
8287
1671
8577
7604
9416
8147
1059
425
548
3324
3853
4100
2887
1203
5676
3774
1139
57
5123
7140
3978
5440
7668
6684
9080
7730
7645
7390
8886
6389
3084
7651
836
4214
779
4652
1580
1900
4406
6244
4458
11
8199
7558
3506
4260
3705
8820
2918
8807
2594
3538
7583
2997
6898
8150
2182
5042
8312
1412
332
6264
1206
2031
7290
271
8867
7538
175
2396
12
6170
2816
8603
7644
6456
4916
9272
8027
75
4737
7859
9008
8671
6497
2259
3316
9357
6373
1200
3181
8691
6152
5394
727
9486
5898
6110
5377
7255
3095
1562
5350
3293
979
4045
5681
4028
1655
9584
8496
3585
7441
3499
5851
5838
7131
1279
4536
1924
2563
320
4367
1176
247
9217
3409
6692
2270
6458
2823
3363
283
5970
3822
3366
4032
1016
474
6058
5210
3412
8438
1069
4850
6279
8932
6014
8806
8487
3537
2290
6984
8699
6106
277
4411
3605
3567
6703
8703
9363
8809
5170
6683
3734
6977
902
6533
8390
2008
2561
3118
3703
6031
1366
205
7256
8938
8581
457
6272
7174
3292
7118
1178
9535
2505
6822
4195
6021
2153
5820
7457
3037
2180
2241
4444
160
3341
5067
773
6509
6583
5002
9420
2195
5285
7578
7026
7407
3445
5710
1764
4482
1157
2081
9156
4863
294
7040
8850
5103
9408
3510
1273
9189
9079
8832
6250
939
1876
3770
3496
4129
2206
7365
2601
4649
7059
3222
2166
8134
7019
220
5375
7126
2577
3412
4890
8148
7689
152
6873
7142
328
3456
2822
7986
4678
6979
1857
2593
6705
270
7311
1873
4203
7413
7708
4648
1948
1907
5268
2224
5553
2913
2022
2437
7958
9063
2124
5908
2055
8885
1433
1693
4080
9035
8092
1029
9100
8207
498
8383
5166
4724
5190
6165
1420
7472
2262
1973
4515
6745
1069
8218
4124
2239
3461
2738
336
583
5603
8654
3940
9273
3639
6835
6126
3259
210
2739
6119
7650
1335
3991
2995
6696
1931
3722
8036
4828
8781
6282
65
3820
1363
1537
8434
7053
3290
6488
1350
7943
3165
5410
7544
2737
8508
3862
446
3858
1867
5086
2159
4854
9375
6622
3577
9153
9193
4206
41
9205
6075
9268
2358
238
9130
5857
4072
4901
1021
1349
1245
3720
4903
4684
3890
1940
6149
2272
5846
8331
6886
233
2330
3679
7395
2380
3669
9436
5747
5761
2534
8962
4442
2276
5467
9469
4650
2144
644
2791
6660
3348
8482
5926
207
6957
3330
3294
4281
8791
471
5539
2216
4735
1128
1224
1043
9046
8656
8797
1837
1846
8338
3726
4565
62
4496
7460
1610
3053
3924
5362
8462
9386
4120
127
5573
8858
3519
6516
7416
6339
3281
991
8705
5248
7094
2098
7806
7831
380
6402
713
5838
6006
3568
5811
443
3106
1186
962
3972
305
4986
2896
4058
5455
1979
387
4355
8699
8908
6634
5351
5996
863
7908
1144
6134
3331
6000
2768
9058
8022
9521
7928
2737
6241
2880
9160
616
6073
1012
6237
6702
1156
4869
7463
618
6185
4059
2942
4448
2583
4877
239
262
7289
1299
5494
9335
7336
6084
5253
2098
4531
8184
5495
1864
4031
5296
1354
462
8595
802
8579
3902
2560
7080
6284
1515
3333
3671
8493
7510
8256
3022
1324
8957
2522
9465
4070
6268
8716
6739
731
1531
2904
1099
8230
4948
9495
7389
7906
3184
8514
7462
8417
1348
8432
7533
269
5424
9431
753
4783
4133
9356
4785
8642
8259
8028
3352
6170
4503
978
2232
435
6731
7947
8868
8989
1760
2356
6595
8652
591
7476
6137
3952
2717
2972
3079
911
3673
2209
5853
7193
7185
1430
9344
2538
1751
3665
6204
966
7410
4530
9074
1368
6937
1206
120
2344
5989
9520
2269
4380
8981
259
677
4094
6979
6998
5787
4856
31
6352
4433
8023
4177
993
2793
81
339
1352
7992
8208
9108
4725
5732
761
8721
1117
8971
7024
5242
5549
8125
6566
7588
5698
1379
4233
3220
1145
9308
6147
9141
3555
50
3269
5628
372
7034
9281
868
5212
1602
2227
8384
8262
5062
2939
9054
5353
5218
6548
3760
7140
5243
710
1633
3043
8268
7039
6118
3215
3338
2896
7747
2178
6766
144
3029
5047
9406
2545
5431
6214
8905
3584
4654
1653
4003
7132
6983
8543
9053
9456
3566
5329
3663
3362
9003
1919
4605
4316
4976
7736
8477
3935
9583
2167
7979
7492
9337
6676
6859
1716
4568
3754
2555
7693
6132
2036
4342
4356
5847
3095
5897
8479
8588
3182
1510
8072
1150
4207
4792
6150
3127
8365
7442
5611
8838
8247
3959
2057
4830
7204
564
1119
7951
6203
4463
7086
8020
2018
6643
7684
3533
4480
5390
7418
5406
7215
2597
6751
4812
8804
5095
1702
9316
8902
528
7553
6346
7505
5052
980
2350
8097
9002
8001
4644
9520
2661
8056
5753
9567
5220
5463
5065
2849
4698
6824
3207
6921
7150
6478
151
893
6671
5591
2350
6272
8266
1598
1495
3934
2603
8685
2797
717
8882
8413
77
6812
1771
4711
5847
3299
4642
253
1217
3453
5531
4526
4524
5172
8532
516
8043
177
4730
4852
8045
4412
7308
4521
5369
474
8401
2057
7452
3444
320
3500
5121
7907
7673
5912
1666
6752
59
4858
7741
3050
5297
4052
7564
768
4979
6919
6010
6229
8326
7825
999
2528
2838
2867
3980
3159
5091
708
9100
8292
1432
3364
5000
3206
1139
6913
9134
8536
3200
892
317
5160
968
2840
9026
5945
2589
4190
167
2030
6483
9570
5359
6765
1169
8335
9560
3994
1330
514
4617
8302
159
5944
1571
8018
2807
5446
6385
1632
9326
2346
5583
7065
3881
7127
2193
4074
82
3100
2425
9065
218
3847
259
6703
8235
8047
37
7175
9107
7710
998
8881
7630
3374
3119
6289
3319
1105
2723
7972
7053
6589
4081
5032
3424
641
9288
4286
5364
2188
4328
2817
6067
4919
3641
8505
6455
165
8622
923
6864
1231
4647
6995
5430
2752
7404
3939
6543
2857
228
1248
7213
5988
7981
849
3310
8606
6048
8146
2855
6134
5466
2149
2381
2887
599
4457
3867
38
4012
1085
1062
9261
9476
2053
3763
8476
2475
1076
4159
9051
6520
6472
3134
2284
7107
6858
3602
3197
6875
7688
2407
8133
7083
2837
6104
572
3915
3662
250
568
2685
1516
9307
3570
4466
9109
5626
1869
6259
244
3148
6418
2251
110
6605
3151
2003
4525
780
201
8913
5735
5356
8325
7860
4361
9450
7521
9068
2449
8951
3371
1729
50
5714
4388
1358
1093
8845
9218
6929
1897
6700
3002
6133
5295
9500
3852
1612
9242
2799
5987
1807
7265
7527
9328
7063
8811
690
5656
4396
2952
6218
9397
6289
3938
461
7881
8769
8856
3192
4401
7427
4151
8123
4459
6981
4592
4810
2642
18
3866
6247
6293
3201
4265
6247
7014
8490
2995
7425
6434
3971
7711
2934
6517
7875
4718
9446
2240
8888
4055
3205
8290
4141
8320
1462
6621
1159
8908
3163
1221
5307
3187
5856
1627
5265
4163
1404
3472
8052
5299
7945
9097
2878
3162
6644
2218
8124
614
1107
6919
4836
3418
2403
9132
4824
3627
8348
6645
1499
926
5176
2570
5008
5819
2079
17
4652
7352
4619
6744
1497
6036
7223
1013
5778
1601
7331
4770
4922
4544
7368
794
5256
5377
6771
9291
6381
3869
6660
7023
6337
4334
5691
2000
9355
8651
2454
2537
35
3300
3003
3128
4610
2920
4266
8116
941
2591
7400
5142
6624
4760
346
8055
6386
5541
1311
5754
4845
6773
7812
7485
7319
1361
507
5052
9379
4186
8474
6139
4250
3046
605
224
4573
7057
3831
575
399
3708
3882
5397
155
93
5301
6122
7158
3809
5310
3669
310
7503
419
3645
8738
1484
5905
8879
4600
7205
1374
80
4143
4725
844
6677
3882
7335
4376
3062
6931
3018
1957
9538
2473
8601
1770
5736
887
1249
8080
6052
4614
8899
4148
1700
3489
5147
1289
2363
7769
3455
1244
8542
5273
6777
8617
8690
6066
895
3167
1857
5668
244
5480
6425
7429
8937
1855
3370
2541
4988
6629
9563
3337
7864
6047
5796
2588
2292
491
9330
8947
5012
9092
211
3025
930
6482
6466
7062
5876
6706
5984
6169
7024
8312
8873
8717
6305
6915
7990
5809
2844
3667
632
5832
6019
2084
8857
8328
54
7756
8273
8560
4772
6415
7857
2386
6471
9166
8244
1096
1407
1838
4976
6332
3755
7784
1662
6322
1359
2613
8735
5462
3344
5054
5306
1151
1042
8418
2648
1666
8520
8825
8940
1963
5602
2511
5947
45
8884
1150
1445
4179
8129
4452
3926
5185
130
2505
4478
3910
9324
6712
3930
1424
8611
5901
4899
5852
7887
5186
4039
956
7542
8446
7199
2812
8318
2364
9539
3062
1724
8522
3651
6753
9396
1682
5381
6537
1812
8162
4364
7120
3634
7281
3480
2515
3958
3145
5016
1741
3157
3675
8115
4287
5545
2075
3776
2352
5660
4221
217
3265
5191
635
5257
7364
5345
3473
5040
3263
2210
1034
4398
5378
3849
673
8707
4370
5669
8884
8196
2912
1102
4270
9187
5942
7709
7306
6171
5722
6836
5116
2890
251
3165
8299
8244
5809
5210
8872
3781
719
2059
6110
9304
8664
9110
9127
4927
1934
1673
5348
6819
4943
504
565
1485
6446
6269
3437
4750
766
302
99
883
7927
7595
774
8204
4604
409
8674
1424
8072
3697
1551
1509
7176
2511
7033
7868
1652
3420
3916
8181
2260
8982
2927
4738
2005
4009
13
2623
9252
6135
8038
9478
3526
5824
8746
1408
8381
4337
7834
1528
6932
4601
9171
8794
9538
5728
5096
3618
7759
5209
5279
622
7218
1686
6090
5995
6776
4767
7671
3727
9171
3001
3682
1162
5640
552
2187
3640
4498
186
2624
5144
2244
9044
3258
3411
7026
951
1369
113
1103
6117
8804
2910
2153
6975
8303
8919
5767
1834
2477
9185
354
4875
7732
3255
3895
7232
5058
3957
2614
4752
7016
1533
1362
3682
2824
9234
1939
3593
4022
6527
4426
8918
4373
2298
8917
8790
6724
8754
2881
4366
904
1338
1156
973
590
643
2025
6205
1336
1287
6024
7759
418
1733
9335
5997
559
3742
2217
8406
2717
4757
3421
9172
6485
7223
3796
8506
3486
7071
2391
2561
6944
4349
1853
6462
