14714
24183
9573
205
8668
23067
1401
4495
12550
5621
17353
925
16337
12588
12733
6743
11571
21873
19228
15201
5521
6551
15786
18646
12699
3225
8185
25569
23441
23997
19209
3837
22160
15106
10506
2501
19202
5776
2152
22332
13138
15422
8589
767
24002
14360
15911
124
9690
18795
7239
19430
6736
12110
16561
3552
18539
1993
2926
10799
17804
23027
20265
16256
11462
9212
23323
9651
25075
25320
23271
24885
7692
2141
20585
24661
11229
13781
14388
21945
20750
16936
24313
24863
10529
4248
16368
12017
10644
21376
20416
3410
22694
14771
5771
16333
17866
24305
1057
18973
13015
22617
23321
23672
16315
14227
16650
22390
3710
532
14034
13207
21373
9376
9852
7393
23041
781
17342
2676
7857
5208
11786
23616
7108
7107
14071
2682
7056
6154
9157
19249
24212
16226
14381
16311
19839
5027
12963
85
4442
16148
15697
19552
23779
22114
52
10792
20699
13413
1426
5432
22668
18634
3708
16510
23798
23402
7355
22189
7492
7977
4159
13329
24541
24327
16658
2797
10405
16401
16828
16690
9482
8916
25265
8865
14245
13310
9266
16807
19488
6446
24298
24737
17816
9096
18819
15498
19169
17835
16500
13423
12196
9877
9643
21693
6658
23260
17364
13498
16856
3173
10536
9404
13230
22069
14564
14593
8182
14414
22751
3012
3013
7316
19269
15333
17846
16863
11784
19731
11714
897
7026
13260
13058
16049
20590
5346
6755
14185
23394
12682
15424
14082
14483
620
5254
142
17014
18010
18888
7205
6601
5690
22787
6758
24716
5430
20150
22240
23922
2162
25169
23116
974
20522
24297
5285
25494
12497
15382
17116
1671
9463
22499
12792
9537
23048
15474
445
17405
24171
6069
10709
19855
5935
962
7129
7986
11035
12401
13427
8685
25333
25363
9518
8124
25596
5846
33
7522
13741
23917
18720
21504
25289
6264
10259
1257
13860
6900
11073
3298
16615
8862
19658
22708
4744
11281
5005
18568
24371
12232
13859
6958
12314
10899
6636
14437
18061
20340
6403
799
10525
7218
3067
14869
10627
19153
19659
19729
23180
11574
18062
29
8626
3828
8888
25182
16494
21386
18356
19467
3339
14211
250
23600
7092
24014
3353
6763
20596
22740
707
11978
16627
16144
5110
4237
4779
19342
2483
21579
23221
3759
7176
19355
19048
25222
13219
23278
17839
18885
18962
5744
14345
18369
8168
17125
13606
18554
22337
12184
981
2417
12910
3312
17311
2661
12411
24635
23685
6614
18418
13025
16128
10691
17805
7118
15527
4937
19264
5518
15622
25561
4420
14137
8172
16512
24688
10184
20030
21346
18471
24992
11314
10942
12774
7672
7231
20622
11109
13842
22308
6789
14178
9218
839
4543
7871
6254
16352
17201
6207
13253
10924
24528
24243
14453
19482
23149
10804
2539
14165
219
23745
3627
11329
6447
6062
13980
9323
10339
12375
1233
15764
18762
10618
9011
8416
15103
16117
2092
930
13095
19176
2977
17679
18190
3960
12155
6811
2182
8714
12420
9246
13447
14250
11209
13135
13393
4347
23553
11785
12307
6402
436
22118
20405
9486
144
18353
7466
17763
3605
8831
6898
21984
10083
13611
22657
9307
3311
14321
6140
24934
8087
7375
8118
15772
20166
351
8395
16430
13572
12412
7273
8468
17531
9577
1032
22634
7976
4202
16160
2950
6420
2201
16582
10531
14173
22941
3126
1357
13729
24808
8636
2952
2415
6515
10009
1559
24760
210
15376
11283
16984
25453
7036
12213
15558
9459
1470
13551
7844
1960
4670
22475
2043
15877
356
9271
7174
19715
18416
9426
19842
11987
23302
15797
3001
2891
15034
19816
2358
19973
6583
15279
3047
15318
12555
22177
17328
21824
6311
11078
5681
15331
23585
7390
23449
8809
24307
4731
2376
20834
3168
20238
12722
24692
3049
19544
573
10716
20969
23668
10240
1176
15011
11826
17537
7970
13269
20729
1873
17647
11871
4984
24651
24316
10551
12090
9630
13056
23606
5855
5746
1414
3178
11055
3250
10516
14090
6114
12641
15598
19036
14392
21709
23232
3547
11570
22310
7930
15492
14108
4368
13603
19885
20712
25231
11252
4313
3113
7842
9872
7088
10679
18376
18909
17749
20771
19605
18528
14442
23423
20345
20910
7968
2369
5962
21453
7190
2623
8968
21225
19450
18326
3331
19876
1799
18217
18541
21233
15389
23390
5645
7197
2348
16281
2917
17338
15528
14104
18222
20774
21655
6427
6180
18094
6854
20222
20944
11467
12296
10670
25582
299
4398
4521
25632
20838
7397
15788
9033
10173
14419
14251
13698
6867
6579
17658
19506
15017
7912
15793
13683
5223
11728
6360
23011
19904
2790
24037
13962
7717
22973
20153
370
2007
3757
4375
6847
10303
14521
11934
185
8013
2430
379
11199
594
2123
3739
15461
3897
23074
16356
21852
22379
11811
12917
21859
24755
3763
24062
12492
11286
1364
17282
20634
19775
5123
24553
8924
1617
24959
2751
11053
14838
18600
19917
8477
12853
18719
18942
21895
22281
10866
14422
13784
21434
9049
8600
13226
11366
14648
20287
10576
25022
21188
19884
1069
19073
1512
16396
6204
17522
25487
16313
10368
5617
7425
1610
2933
24759
118
20497
2487
21991
17649
20916
16973
14741
4678
6335
17225
19652
13753
11541
3089
14599
13601
5045
6598
1338
2923
4185
22631
17710
22463
19741
18690
6813
17066
13947
14253
9933
6128
8188
3053
14763
735
25251
14743
19708
9316
12269
25132
18695
19860
3417
4141
12130
10832
11686
24193
10865
14911
24592
2345
23015
25553
1916
12388
23893
21122
19594
6574
15490
16403
17830
8270
5739
4210
23903
11806
14985
22368
7743
12443
1952
8735
10946
4708
18797
10690
23985
5613
2953
10045
2555
7875
5239
19137
20949
7047
18929
16671
22446
5449
7352
5320
17252
16919
19234
15939
10923
20303
24587
23736
23716
23177
14282
4575
23340
25041
22939
17082
19692
2143
7267
5920
4205
13556
14939
22641
3582
3817
9111
5370
12626
5105
18843
17048
5911
21960
13101
551
7994
961
16511
2650
8455
22203
6618
23578
10660
3418
10147
3321
2887
2974
23819
1133
23158
18915
17958
22729
11979
10993
14113
1225
22623
22305
17922
19571
16452
16669
24115
17218
1145
4116
257
17502
6891
24335
11060
2212
5250
22397
5151
20401
14762
3324
10229
21425
17340
24152
9088
794
6474
10567
18322
16033
25319
295
23331
16093
13382
9941
10725
24100
12479
13012
86
5344
9931
13274
13480
7057
22647
25099
340
8070
24505
9769
11513
2892
10225
7180
13159
17562
20882
7845
2329
20049
18912
13234
10219
12554
8275
1284
7499
22633
21029
1669
2781
21793
3196
5611
22301
17561
3454
16563
21304
2290
17746
13708
5047
20359
11018
13231
2899
6676
6672
22046
5000
12129
11823
6873
23075
23383
13960
20811
8529
19580
17712
1197
17788
25316
5073
23185
18664
3440
565
20721
22221
19484
22744
13484
24730
16767
6472
11232
5913
9233
10822
4765
9480
1704
19634
12749
10312
2827
5481
11403
20759
3421
2605
13380
19221
1715
23228
1640
20787
1288
17888
15437
7337
11844
22559
6608
16535
19923
3774
13270
18325
13401
4745
21039
12282
24799
24190
22448
16245
13990
7091
5018
1673
21083
23987
4537
14577
3653
3479
9060
4293
1505
6283
18585
9673
21244
22256
20614
11046
5104
12984
18201
1303
4174
11219
7774
14342
978
9012
20141
13464
18148
10972
3879
4327
13047
2378
7303
9106
20344
11000
10816
3124
18770
15088
9242
8001
11390
6662
4988
7803
3724
25417
16055
10145
5850
18629
21778
20291
17974
1706
14013
13716
15510
24526
798
10590
21298
20140
5544
21815
14271
18561
21721
8472
13883
1034
391
6084
18549
9198
3914
10003
17492
15006
17469
10880
14972
24244
24215
25067
11875
10378
18693
13847
16145
18023
10693
15500
16608
2363
18847
3646
18296
15904
10024
3076
3341
2525
220
18344
2643
10831
20315
4828
8343
12032
20388
9638
23723
14160
21788
22586
4102
7183
4501
18540
3267
16339
1918
15691
11296
1935
15014
2882
12684
24233
24858
3686
12658
19668
15588
2747
6846
22977
7365
9760
20668
20588
22440
4377
10190
14835
13350
1966
6323
3271
16516
24598
10676
18244
24930
1860
8553
23445
1622
2232
22943
12343
12320
6394
2509
11246
3530
10243
2701
8175
545
16178
3579
1005
11086
17754
12109
15121
19808
12199
3840
19318
11025
2341
20158
8871
17588
5103
2716
11814
11733
19242
13244
15961
8450
19960
3543
9775
13670
22215
5809
24437
6151
15357
25399
5496
8486
3060
25249
24529
11708
16051
1278
8752
13610
3985
578
24291
13552
12642
6729
25530
18980
8878
17938
24281
6976
629
172
4292
20136
189
13018
3195
7814
15934
22489
15842
10040
17295
14775
24469
16143
435
23941
11364
5852
24098
5400
8993
13113
11700
2109
17357
15866
16681
3110
10302
20861
2414
24876
17395
1066
3957
13706
3432
7023
16285
8759
17081
7413
11250
19809
3712
24562
14363
23096
78
18726
25163
15701
11238
3587
24319
1355
16218
9122
19697
1155
6315
22172
20805
496
1042
9614
14292
14105
4896
20968
13779
5337
23667
6310
17611
7252
15328
11347
4523
17489
4659
16986
11847
12805
6886
23981
2967
7254
22946
3088
5115
960
24576
25013
24361
3145
6724
10772
2870
18302
6065
20547
22435
1407
2298
3082
4704
7449
21163
8971
6553
11434
8238
22469
16321
17946
14642
2578
7895
13568
16353
8579
8853
14140
10404
24016
9396
12827
9008
10883
6848
18240
15682
1054
3456
6234
21561
9206
954
4924
4625
13238
16394
12167
5288
10355
8030
14885
18873
9623
25346
8870
24770
15261
24293
9583
13687
6993
22853
4939
319
25359
16290
21529
821
21812
5775
12185
22928
24901
21680
5763
19920
20864
13760
7590
2428
14877
19274
19020
6517
8898
7279
16366
10111
13952
6407
12509
11830
21715
9186
22383
8357
24182
9375
19853
428
12994
1436
14788
4629
22821
14831
3785
23732
1012
19760
3519
21033
11629
13309
17487
10502
16998
22080
16866
17196
3990
18583
21640
16235
4931
8193
25270
7694
12605
18495
6607
5439
8066
9125
21599
25601
19687
11197
8591
12907
15269
19556
24357
9836
17736
15150
12331
18099
23208
2518
17129
5960
13508
1930
7514
3290
3023
23841
15315
9303
3402
17011
8706
5999
267
3144
20636
3722
16742
14554
18377
20221
22749
13775
15838
3945
17543
25183
13597
15538
15466
4249
3701
14880
3626
2603
13720
8255
15686
10997
24141
1013
10861
15831
14848
24434
23114
16643
16208
14780
9837
12981
2840
12376
1369
18195
19188
544
3117
5388
20587
8746
8624
9919
8816
2347
21193
4189
8669
10105
21948
9672
22593
12002
21049
11601
14887
8394
16501
16713
22760
23023
21667
20612
359
18015
13206
11880
21892
25186
9939
8373
12258
7742
19549
19922
6721
5172
2494
9254
8330
6871
20121
1683
18323
2370
18601
4230
4021
18028
21482
5140
2528
5576
7220
12612
24227
23306
15001
9740
7404
17896
11266
15768
8199
11294
15377
5118
23865
7128
967
6674
25294
9065
17477
19256
13707
24220
18034
19244
16875
14825
1113
7019
23401
15403
15381
22204
21759
24441
12501
5055
296
8384
25539
12175
21783
1431
22614
1652
1267
18707
20324
24722
24819
8368
14547
19893
19610
21534
11180
14471
18439
843
2662
23680
4700
9729
6750
9700
7383
23546
10801
6334
6196
1825
15287
7171
15996
23820
7746
1086
7571
22485
724
11133
5519
11184
6231
12427
4092
5241
24308
18837
15645
2435
12135
22053
21026
21283
10766
1734
21858
1773
22675
4827
22917
12203
23056
15098
4025
11828
7620
17396
893
18607
9665
3337
22359
3291
11439
5898
4056
12987
17228
6398
18009
11764
19289
3849
1003
15494
23907
3314
12860
7143
3040
4064
9586
4557
12180
24038
8817
7336
7093
22013
6587
24089
23998
8858
5480
19128
858
1730
16580
14609
14012
7441
11957
20343
9542
9517
23451
11638
13303
354
5217
17284
5924
7860
22026
24638
7427
11356
6747
15051
17789
4476
12739
942
16283
2258
5443
7484
6093
10538
5053
8893
17431
3379
14681
13005
9510
15351
12223
9801
24516
6716
10001
17803
11012
14110
1517
24996
15072
18778
24965
2601
24237
18899
10015
7617
5823
8804
12126
2673
14432
8021
9478
6628
11761
1718
21496
5255
22467
24076
14644
21044
25024
10780
22052
9457
24523
23738
17654
15075
18342
11854
24393
14459
3270
24605
8092
11517
16267
10568
15925
16968
2519
2323
13375
2318
4649
20002
10469
12327
18172
12516
9175
3246
9214
21799
16066
1026
20846
15302
13709
4681
3086
9220
16560
23354
16308
20789
987
15893
14565
9298
17088
23794
2456
16619
25339
22276
12001
8738
4621
12587
13740
11783
24741
24203
17704
18392
16084
12868
10128
21385
14397
16080
14857
8200
16008
5652
10849
13755
15114
11326
15283
16593
24935
13277
23189
2332
4750
17154
24017
11343
18149
15175
1128
19982
8365
4250
8281
14006
14238
23676
13746
24889
15928
17806
9994
2029
4534
7485
21907
4043
17963
25193
24470
7832
2353
25038
13971
4069
6634
2524
19639
9798
3015
13899
24657
23002
25445
18512
8004
11941
7401
24006
9449
11795
15559
4604
3890
12578
22718
17673
14387
23678
14313
17049
20624
13479
13212
22181
14812
3741
1698
6237
8268
1021
8535
14625
22528
3033
3357
2110
9706
24064
6964
16412
14647
9803
20459
4446
4541
14624
7510
17756
9267
13348
8942
792
6197
14992
23778
9956
17509
8949
20487
14851
20495
21109
17413
19178
13806
14776
18137
5937
16399
21875
13661
21040
13090
9712
12453
19316
6863
16917
10871
7978
24705
7112
15513
14617
21558
4331
6003
13562
15339
25420
3975
2986
20976
17529
5363
21035
8327
21829
16294
15885
17426
6897
4070
13301
24666
14915
8132
18185
14184
9834
875
25007
4980
9485
6971
13344
3051
7725
12992
18846
12524
10449
25254
6512
4578
3729
18404
13713
20077
21095
21874
3377
19617
1273
13243
12093
3603
11096
8328
16442
15574
23722
11744
22879
14703
8
9384
16131
3838
25570
12892
13302
22753
5881
23777
1829
5636
2627
19134
6713
15402
9215
14358
18562
10643
2685
7052
1286
15161
25167
9896
10704
1345
3058
6812
21137
25401
6499
21798
21688
7288
13575
24236
38
23695
6445
4134
19962
525
6821
23577
1392
3639
10106
11442
9864
8944
18205
8337
1725
17886
12913
12518
12369
13182
6433
14350
13521
13662
3502
18775
10485
8214
6706
5297
3214
22358
17721
7063
19382
16790
21432
7966
20763
3717
17815
10017
16
18011
1188
3486
3041
25051
1106
19805
21924
15197
9959
25545
1984
10855
16966
24840
10735
285
139
19201
9971
9574
15327
2503
17209
13654
18894
5163
11521
14131
20244
4118
22932
2639
22679
19162
517
25378
5078
22490
11705
10242
5984
24690
16588
17135
10884
24918
4326
14879
19628
3069
25431
13221
24247
10988
9771
2497
13950
18814
17253
17392
9667
20544
24742
19465
5642
20208
8717
636
19167
23920
3770
5555
225
8557
15580
3004
7668
13553
14594
22408
4770
21088
25011
3348
17741
24642
7326
3516
21150
11499
23479
25419
13886
7033
25135
9636
8381
18478
328
1213
13106
21138
13925
7193
17833
24942
15763
9119
3039
18298
20756
5037
14677
24216
21577
18663
15924
19196
16594
19074
4462
16877
8848
81
22070
12823
6720
23637
18308
19590
14816
2079
25144
25331
2699
8109
20469
11651
13956
22494
15770
9791
20008
14428
73
12054
4643
11123
470
16206
16886
10262
25357
21085
10419
15659
2752
9777
9086
3125
24820
13985
13440
14710
20705
4630
25633
3319
22663
18734
1301
2948
20308
1571
5109
9314
4419
7170
8401
6170
7191
8941
5659
3586
13406
2173
5880
23413
7149
11024
13801
8913
12638
1446
5707
6516
3648
22480
22979
19035
6488
786
10746
15894
8713
4510
14099
20931
23
16237
6190
18751
3017
4380
2216
4979
9108
10428
22312
7706
18566
8989
21464
14931
15222
795
13507
16122
6290
12925
1179
3654
19626
14204
2167
2679
6921
8050
11368
10762
11404
18742
991
2434
10365
25119
14758
17834
20165
10237
18590
15234
3203
7944
20754
20924
15722
4569
14485
1140
13377
5972
4212
16379
25210
18986
1138
3536
13871
14496
16894
13066
14252
22724
20740
18564
13648
21401
19243
13334
10938
11715
24960
522
2791
21303
12664
23755
22884
4338
23287
19717
71
19472
19588
4719
16001
22292
16802
12338
19170
6917
20127
17482
12251
16528
23768
11371
6526
12458
22513
12118
18281
13422
24793
7280
3918
6687
2462
13279
9025
14356
6912
24851
5878
5153
21777
16332
6762
16567
14255
11165
20566
22869
1781
19448
6918
3066
10441
2934
8442
1672
16797
23079
5420
23428
22033
6777
1341
22738
8473
13669
6
22048
1195
13284
18731
11481
6940
25361
21189
3963
5276
1335
11633
9642
15022
24731
14878
4983
14613
13325
5456
8187
24427
10951
3281
4488
15802
15824
25460
14203
17993
21898
19782
11690
17006
17277
24572
24229
9018
13064
6785
329
860
7102
12737
481
3394
11888
10377
3333
2315
5529
18950
11068
16591
8534
6226
21443
6809
16831
22680
18890
1974
9244
14544
13263
15414
2779
18733
2515
12690
15322
6547
15363
8417
7622
22968
9828
13993
25606
13448
22664
9780
24549
14527
5745
949
15915
9724
24999
1915
8576
16533
11531
2282
7152
21975
24801
5834
14261
10757
19495
25379
21080
21392
17250
2756
22251
3695
9369
11843
7714
6542
11309
1031
22370
18100
3275
15534
6861
2338
25257
5854
12134
18776
11907
15975
14919
10654
16913
18991
11299
16232
17556
22756
16612
12551
22905
3962
2439
16715
3772
2568
17434
12697
22765
9604
22500
19684
18465
10011
24386
24875
932
13351
7975
18417
2309
10023
8593
21782
23647
24990
5051
25021
6265
23012
3489
23529
17420
6330
2420
18192
322
14589
4370
10876
5074
19232
17905
13685
23958
12734
13634
13490
2860
25377
9917
8010
7287
277
18572
703
22682
8517
16847
7078
6269
24566
16686
4757
11858
8895
19891
12656
21985
8125
18374
3688
20271
13450
2052
16092
16344
6977
7289
2536
7154
10638
2571
20619
11929
17419
2473
327
10580
3607
14948
14362
24200
10700
5154
19591
1590
24905
8424
17772
22243
20510
13622
2602
22132
10027
524
2998
21843
13825
23674
17360
19915
9067
7411
5474
723
2482
5915
22030
1181
24267
14283
6563
2421
21097
20157
21997
23521
9957
6595
12703
21181
10708
1122
1608
4582
9536
14704
2004
15845
5683
15674
25558
2410
17605
18307
16242
10854
23926
4433
15244
1490
22222
10958
24855
25531
7736
25155
8528
3830
10256
21510
17620
5540
18799
21832
7395
2987
8775
14635
2422
13317
18173
6939
19768
19084
14276
23376
15167
8304
1333
1342
6227
20448
8453
1629
2172
21747
7529
11300
13586
14200
15099
2714
15918
12862
23395
18152
12990
9043
17272
12536
21411
16794
11682
12756
13125
2989
12057
11596
15419
10440
7200
25030
4075
14548
2387
4457
9429
13137
2683
21988
4925
8768
9589
20409
2704
19398
23466
20268
18209
9607
1988
7096
13300
5968
17524
8874
14627
2527
2595
12498
20995
20489
439
9759
18393
7759
22654
7500
21210
8299
17628
22558
25608
8361
25476
22893
13146
13684
19132
265
8011
11147
7727
686
65
2312
12144
11405
12557
22127
15086
24659
11044
18515
1516
21752
3498
5395
7758
13313
6840
11175
43
10033
16047
16654
1510
16138
12894
3911
5218
9600
4120
10520
20593
15468
14755
21652
20667
20831
16233
3886
19440
17836
15577
16061
18806
12399
14446
24522
11726
11353
74
18257
1933
20398
18024
16720
11742
14600
22344
15572
15712
17535
15879
13179
20639
4468
12488
10953
15740
4404
19844
24653
1981
12217
3381
13229
15723
20055
10514
23545
10617
1448
19747
4799
5404
2261
13939
11459
13710
7416
11080
19789
20853
7275
16097
18103
9515
17999
23996
22350
1654
3655
22307
7611
1204
6129
24011
16622
7627
5146
6300
13675
4369
2801
9306
24241
3455
24952
11258
10038
11159
14784
25567
14633
13558
22249
19762
20152
184
11996
3999
15464
10562
6509
21536
22356
21794
20164
10421
18834
15145
16628
24878
6178
2667
21769
19031
9682
22229
20430
11436
9989
1102
23022
22339
5835
15157
10164
6399
16463
4529
10574
18312
12408
5877
452
23184
19525
2302
7601
22056
2426
12744
12263
18213
11161
17827
25647
15517
2230
22162
5311
6301
17232
3889
17276
14489
16559
16707
14955
14083
15620
12988
24074
16288
22066
3672
3318
13717
8869
21506
6389
16682
21489
13621
23574
19394
4332
8221
18872
2249
23263
5575
2267
12720
21625
21442
5341
6119
22336
2056
6473
2003
401
8135
11948
23349
23751
15791
17329
1416
22529
10530
11749
21248
8565
19538
8926
12873
17659
25136
8232
19822
6134
7315
23035
13840
10550
11380
7547
18346
754
14277
1573
11305
24707
9698
3465
11465
13405
12151
5101
1243
1522
19734
19784
13761
20672
183
7926
14553
7562
1711
8447
7532
15188
8516
10651
21161
5503
16698
18940
3056
9337
22684
9747
20517
2350
8687
14796
9546
4274
24986
53
1645
9427
25541
18113
13935
3737
16460
15195
46
22860
6651
5502
10722
3898
21927
995
1418
17765
23830
8987
17798
21487
14983
17122
935
7140
1990
3372
25259
25661
7834
12685
3308
5405
23774
11312
6591
7879
3765
18316
5568
16470
17448
21825
18467
17447
1264
22146
16064
2037
19777
22525
4553
20959
18584
6842
10187
10596
16028
14610
15047
7038
23365
10796
15982
11201
7812
16979
8508
19460
11645
5302
21827
8219
1017
7153
22388
2504
6937
2131
9888
2023
13649
8301
2002
3122
13294
4401
21421
18650
15515
20101
9118
8044
5447
6241
13314
17717
12404
14003
15657
10582
8025
2000
23535
1462
21683
21731
21445
4567
7173
19262
10653
24695
2437
14608
3612
10535
22333
19835
24995
8207
18350
10748
9223
4953
10161
17268
8421
18747
899
1006
18826
7498
21654
13169
6386
10894
9513
5464
25503
18095
20833
4741
18979
18772
11780
24696
9645
15317
19141
20447
9977
4191
12342
17398
980
14026
20118
13023
6419
5661
7647
11723
24604
403
649
1467
2530
14177
6167
10539
23298
6066
16606
21093
24345
2275
16438
20835
3
10142
11142
19989
24349
3678
12757
3142
20984
11620
19543
4449
19064
17077
22778
22604
7745
4597
6271
12298
11759
13632
19285
970
22849
12379
10744
7137
4480
7082
3609
11141
9310
11754
13826
20915
14357
22918
21107
19837
22226
11298
23555
7780
1723
13829
883
54
8838
6009
23361
17590
6408
396
7095
14751
19913
24024
10367
20210
2080
11278
21522
14327
5665
9456
4967
22789
9192
24340
19821
12087
5538
17758
4759
3342
8177
6153
18309
9368
1492
7629
1141
25281
17988
15974
1565
16086
9026
5356
24300
14390
23905
7751
7406
7322
10152
9152
21610
21767
2579
19059
11625
20368
9736
24881
20611
24617
13482
17490
863
12192
14867
12751
16723
5982
913
3137
4041
18602
11127
14865
4802
4066
24325
7797
12533
16733
21152
5910
12287
16478
17882
4150
13528
358
15543
13255
10345
10026
19863
9076
593
11922
13067
5736
23898
6669
2675
24161
19039
12336
22957
21063
24284
11953
4282
6329
4364
8289
3350
21166
3373
6384
19554
9633
20389
25448
8513
22798
21403
24339
11972
23772
17995
2454
19308
7472
17299
19493
511
10594
10332
5836
1027
3207
18096
12308
24477
21857
6317
19559
768
20905
19751
24558
15881
4121
6766
25646
12020
4672
21569
21463
13642
22970
472
9905
19236
16385
17966
3700
17953
16953
16472
12489
23538
15958
12825
8116
24974
20886
5537
20061
24846
3613
6909
218
18124
16839
12434
2337
3175
15191
871
23910
20836
5738
836
916
10908
9473
7423
5894
3735
3760
4365
2857
646
10971
23259
23537
3726
10980
22451
10751
24706
22901
10074
2289
13529
13543
2398
11413
1396
18932
18931
17579
4624
15146
16706
9112
12606
23299
8868
21607
21176
7347
4640
4261
711
18505
22061
9514
13143
6557
334
7630
13433
3240
2935
23888
11912
17554
22245
16924
23887
16860
3993
10268
6802
15687
1917
11677
11398
14962
23590
10215
9838
3146
4866
24457
21507
19438
20168
23071
1211
12817
8263
12244
4835
24147
15895
14424
13738
7673
15193
20539
24818
10589
8507
18090
4642
8484
18691
18781
13166
12009
4186
7201
2072
5542
13891
5353
6552
12160
17476
5596
6830
19547
10236
16445
12052
2474
23589
17616
22089
24559
6163
14982
18476
15705
10611
23510
25403
13889
7364
10950
24355
15653
8581
21821
5790
2238
4901
16108
15551
24435
4686
19524
25524
16577
19090
4006
11176
14256
898
5558
3200
4112
1959
9040
22834
3496
2876
9071
9597
24602
3115
24979
6549
13771
7880
22845
21337
18771
2120
11195
17603
7686
5060
22885
9666
15702
23568
20601
20428
1805
8084
4902
18856
12714
8291
16804
3892
22871
23593
9825
20319
22523
7270
15724
10513
166
100
23170
23345
9902
1494
209
24480
16077
21893
13389
8390
13703
21331
23929
5777
19407
14002
15063
21636
14820
24012
8435
19427
21357
17600
6617
20727
3351
6164
15899
17591
16029
13988
3172
22966
5821
4706
11407
7739
7431
6864
15430
15212
1611
10702
7756
12423
12643
23968
19947
5764
9778
2576
21776
13569
12096
3773
3687
19883
8229
19351
7234
6295
1412
17428
12542
2664
20778
24545
5527
10307
9064
5072
9699
18128
25392
2404
24891
17031
1532
20532
5365
15787
23334
22412
11804
10940
4466
1877
8796
22958
10030
5964
15053
34
15966
2852
8762
7000
14901
19067
3557
24968
23115
9066
3143
8883
20979
24387
4783
8179
21965
22129
11950
17540
22584
19919
21850
6733
12396
14297
17907
226
10607
6090
23729
625
13210
14640
7827
11919
20844
9435
14341
8985
15855
19272
16918
4280
19699
11023
4321
10210
2644
8014
19814
11016
1625
15299
8630
9581
21966
5257
21552
9377
8569
23866
10626
3018
7367
9598
11032
1713
24727
23923
18569
21223
18395
25020
20097
8097
23087
22084
1944
13085
20255
24318
13342
15766
18482
16969
25052
2356
16845
8954
17810
25103
8973
24947
16942
23607
4895
11853
18810
23548
24746
14876
11497
382
21990
9609
21008
20004
1644
8446
17891
7599
9635
21661
12718
9835
23238
3279
22396
3931
8675
10095
21380
13092
11813
1951
24640
2905
6859
5624
3019
15470
18532
15107
6979
2210
16709
8247
11752
5888
5607
1513
23359
22303
9017
14671
3594
21861
17349
21393
20824
14701
20610
1812
12920
13535
20213
20330
1561
2445
21810
21819
15112
3665
16891
4951
15994
7805
18130
23561
16482
20418
24060
18367
5267
13252
11564
23977
9484
7671
16384
8392
20679
20909
23314
15814
19076
11718
18686
13392
22667
12895
6510
21614
9013
11089
9397
18292
728
5145
19136
21104
24056
12075
16201
25629
10604
3841
8719
15584
8549
18449
6632
14938
3227
3391
8956
20450
10698
23220
9799
17652
24548
5441
1575
10461
8643
1942
3580
9641
5786
4318
19373
16694
2196
22288
17851
25130
15379
3878
2386
9602
11495
18133
23486
23631
17115
127
1241
323
9155
6370
4155
2287
14404
9311
25106
15210
4197
12710
690
15955
8288
19787
21259
14434
13531
11304
18838
6116
5967
1623
3355
5210
5989
1750
8406
19180
4481
5143
11
13615
15249
8465
763
15062
25009
25348
7002
14241
19940
13999
17331
4793
12650
9653
24101
22800
6684
1498
11454
22190
2879
1819
15294
2100
2631
23312
4219
11577
19344
18509
11921
19976
4412
3831
20493
5336
6107
12330
1148
22524
1937
23257
18423
12168
4805
23246
18432
1433
23388
24426
12936
24154
14067
10313
9704
6162
7916
8750
15683
11420
21692
24384
9366
3591
5090
6699
5605
6501
23037
13874
9415
21301
6981
14946
2600
16787
13057
6075
2093
9092
21582
21419
9875
13121
16728
6451
877
18200
20425
19321
16159
7670
12674
3221
22780
15839
1320
7649
309
13544
9185
6275
25511
19572
4810
10623
25309
19092
10406
18946
8495
14351
10935
12934
15323
24082
5648
4715
3292
2778
9433
1675
7434
6768
7899
13336
25256
18052
18779
22302
7679
7908
18424
25050
12398
1108
15626
3620
17128
325
9743
14142
11965
23699
8224
22507
380
2381
7039
13917
4348
14760
19632
13876
23126
1493
14866
17711
10067
12277
688
24839
20386
23440
21457
13416
9926
14433
1298
23518
25592
2798
18434
9041
19187
2550
22131
16060
19350
1841
6385
14389
4283
444
744
1259
24404
15864
9662
16513
3871
11290
1083
14080
17665
12563
12514
985
16853
17403
7405
13912
20524
10163
15026
3683
24472
12485
12539
6908
3368
21581
1224
22750
4977
25233
2718
21397
13519
21980
21126
22478
16987
15119
14621
8342
9980
14369
25571
6279
15030
10349
18836
3449
5307
1453
822
21554
21240
12095
16418
10194
6667
9193
2968
11169
16241
15594
17634
6353
2108
20698
21241
9255
5278
16558
9395
18643
1123
21103
22804
23909
3416
6229
4054
4717
10397
17137
20868
14868
18616
13639
22767
10094
20403
22894
22983
6727
303
22209
14934
21970
5141
2466
23938
582
19057
15520
5049
20817
8914
13102
9868
3950
14757
1475
17345
6494
24554
13880
23077
10363
10109
2011
17948
9812
23009
5833
16157
15355
5081
24403
1332
21642
16632
13613
4410
13994
11317
17108
3549
16373
13417
192
16549
8689
13574
21952
13981
5583
5936
12857
11846
10022
12233
15433
13763
3201
5864
25107
22562
8644
11710
20336
17633
4933
20545
8908
14353
9594
23962
9988
12444
22353
18260
3133
6992
10133
14628
731
2727
7061
18290
11289
19352
21925
4285
492
12430
13041
20284
20201
24590
24029
24551
22725
15136
4941
13722
15812
14450
19737
22766
4277
2922
14623
2090
16374
24072
25439
19479
11490
15148
12760
22324
16574
13595
15451
22417
15083
14226
4361
13908
24536
1794
24550
10890
11500
19058
630
7318
21675
6120
20897
19485
23136
107
16423
20734
7517
23591
3829
7596
24046
6148
15208
11268
11893
8253
8216
16578
22306
11850
4309
8613
24352
21543
25472
1528
9178
2829
4935
3180
9039
19283
55
1618
21905
17352
21745
19797
19508
20305
6835
3534
15556
9272
13240
6106
2945
19204
18921
18905
10102
24402
6998
10851
14569
18347
20351
12373
2764
12198
16829
8657
24484
2446
9705
17483
15375
23859
17233
14377
17092
23904
25352
3059
16302
9309
22942
25387
23178
6195
3748
21751
7528
16169
17313
21762
8808
1097
16240
1080
21591
16405
14782
22418
97
21986
18379
17934
7269
21597
1073
18558
17161
13363
25337
9668
11618
7044
2266
22676
18121
13525
8347
21353
18839
17782
15370
6815
4303
9346
18334
19333
221
3659
20175
9344
10000
3322
4407
17514
19743
13786
3077
233
10561
20810
1983
9165
8160
8439
2234
11881
17599
21842
24130
10624
24674
20849
6079
5345
22377
23076
15025
19558
12969
24714
2188
11441
1408
12701
3809
17287
6400
208
1882
742
20648
11931
8329
7798
20758
22648
20840
22094
24198
25196
21076
19345
1258
19046
9551
15213
272
4413
16471
10920
9527
23556
22092
1235
1020
5070
2994
22407
22919
5919
1657
10066
3482
1384
5590
23503
529
15487
13239
21450
8222
22270
11863
10685
9462
1920
20862
10741
6037
19955
1969
24966
7016
5042
19492
12820
2259
19354
2841
24744
17234
6211
10130
23346
169
5993
16923
8772
22964
5879
9765
1036
9161
8981
11535
13227
25266
20406
14585
12919
5721
24941
10688
11414
1379
22019
14754
7772
15177
12725
19022
349
6986
3951
4517
19739
857
15848
12177
19651
13039
16604
21147
6242
13223
18211
25600
6588
14469
11205
24802
11805
16702
21594
13813
13788
1016
18059
14574
25603
23896
13536
7604
8833
2169
2545
6466
19979
3630
21470
22563
16106
24031
10422
5598
14682
10669
18654
22986
24040
23627
6157
15600
5381
11038
10881
4306
17584
1219
22184
14418
5658
19793
25488
14098
2236
10823
19581
12137
12597
8737
21502
24424
819
11527
13658
9579
4680
5159
2246
25263
2375
19487
25290
21221
1072
4552
17095
24409
12673
1534
17207
15771
11622
25165
5369
17551
21281
10228
8038
7703
24276
13061
13431
20662
21539
14482
4441
22286
3728
19612
11845
951
4409
11383
24364
25295
13372
11163
14484
18639
24672
684
9850
5410
20867
19165
23792
13516
23268
18119
17472
15778
7054
9655
10970
5041
23043
23154
18732
24519
16497
10886
21367
1263
5107
516
12389
17020
7763
3384
12467
926
398
8310
17730
22375
2691
16725
11998
3908
16342
10635
22404
12515
18628
21333
10254
8712
526
7256
21702
17578
15082
4959
3277
710
23927
20945
7274
9652
1712
11064
2611
2739
6193
21813
13151
15649
17473
6425
13494
14583
22072
19206
6200
25146
15544
16466
10041
1353
6828
16689
20744
18550
3521
2424
20695
14222
2160
7066
23328
11544
17670
4546
11663
25478
13583
9549
19566
14508
1469
19377
13196
11066
16338
12773
9927
23089
8729
19662
24217
18286
9461
1879
15907
24792
15728
4714
14364
12991
24963
125
8881
19332
15583
12852
1434
4636
19481
21584
20749
3762
9611
7963
12068
16186
7554
18560
7055
1424
12627
15110
6246
20631
12770
19709
6947
14347
6529
7566
14846
4753
10470
2633
21438
2278
10510
22269
15080
18891
22681
5213
21618
24410
2851
22777
17042
16657
12190
25625
15931
13514
16334
10522
9722
3129
4920
23482
5562
7943
21724
4135
24607
4140
19302
2565
24573
12491
22067
3535
7453
7641
2313
7843
14750
23443
10061
22185
15365
15028
22468
14339
17298
23155
3316
20696
15090
16007
10964
13006
10885
12048
15658
22409
15367
21321
2694
5067
6660
3153
20957
16300
13296
10745
16904
10962
9230
25562
7877
4641
447
1208
2304
12164
23726
6843
1189
23315
7833
15853
732
23040
5325
19259
20444
2432
23013
892
21743
19015
20595
7837
23773
24304
19356
4265
8171
8793
23878
15122
6089
24396
1574
648
15800
10592
22547
24813
11694
23799
286
18266
24922
19767
3362
15892
4343
20093
9078
24738
24108
25282
11468
8664
7747
8588
24140
5963
12466
22651
17648
17883
9619
22662
4874
19986
20282
24751
222
6031
14488
2119
23371
19872
17719
19779
16100
15054
20878
18911
23375
24859
9149
1244
17900
4349
23264
162
7518
10078
23864
12546
6102
17893
23693
21022
281
17150
5468
19856
14066
7086
21865
19521
7101
11546
12640
10306
22790
22505
16083
6678
16959
1531
10143
23762
20675
13768
5702
14993
4873
3668
16221
13647
3369
16162
10324
17685
8550
14914
19956
25495
16069
18314
22232
6424
11654
8432
17034
5039
20575
9422
18073
20064
6878
21742
4055
9259
2214
15130
19181
10504
8784
16888
5411
10674
24156
1649
12435
6088
24849
20380
12354
16781
19908
16190
9587
7981
16246
22825
8470
4405
1554
24764
23876
18295
24333
22548
2590
23119
14081
11148
13644
11173
6749
21183
19705
16811
4972
7656
353
4037
14000
21544
20653
11036
651
22703
14656
16345
18177
3816
20355
25605
11609
16585
8939
19660
24726
23370
11727
9378
3210
9628
11534
2869
6698
20890
20461
3755
16306
3296
2197
7897
4655
1378
4566
12822
18688
2817
21887
17091
22960
18631
10754
11085
16945
17734
13748
25110
6924
16825
13461
3744
20494
15361
13815
1636
17314
20334
662
22546
17840
23384
16094
7378
25179
16874
3767
10588
7998
16189
11990
6567
13364
18709
20142
21255
15041
21711
25638
25334
1428
8316
7058
23534
6183
6155
11587
10380
9734
2777
13823
4138
12883
1217
9002
5348
6368
17334
18474
1420
772
22
23897
20456
19474
17656
8876
20986
15890
15125
12156
20701
8303
17337
10721
19840
355
8730
7396
4403
140
1471
19877
18922
1127
21436
17785
7426
9136
7946
1858
15757
25473
22387
540
2630
11466
6297
6201
5125
10139
5183
21245
21066
6139
15688
5741
21686
11599
8106
23000
18861
8715
8324
15176
20980
5643
7971
16002
11776
23492
5514
3652
12301
17079
25093
5161
2740
4330
20769
11257
10097
5845
1844
23333
24489
10545
17915
16420
14959
2027
9629
11017
2130
24628
2486
8637
2865
17870
9421
19541
13499
4201
24187
16521
3758
6143
2794
12775
15753
419
8366
19776
23305
11745
22271
3398
23224
23267
461
16203
17575
10273
3899
17642
749
3533
771
17786
12313
22338
22450
17909
2436
21053
9352
6173
22989
12942
3388
21317
24747
17164
3405
24873
18251
23335
25055
20594
17346
14130
15555
5837
25184
7900
22610
8609
20967
6044
9520
15721
2054
12566
7172
20243
1210
16633
16661
8153
20982
19998
3753
5838
6380
12573
5996
9730
1793
14240
21779
20429
16113
1296
2566
16911
2833
23504
19037
1039
24656
16397
9686
7884
12767
11538
5178
11150
16562
12239
18341
20486
18433
25301
2523
25296
8121
21269
17219
12579
2924
702
457
19666
14913
11245
5916
2522
2569
12335
8727
258
9467
22693
5969
3442
5770
3306
6600
10694
17358
13340
15869
14490
9763
6307
18681
11270
7555
23461
7680
5957
23289
20812
21405
12332
5565
18442
12584
16818
11263
2744
4832
17505
9489
9217
19113
9045
22819
23550
18953
11899
1312
1178
16238
11683
6737
10936
10129
18492
3130
12341
4498
24377
13118
235
14680
17147
10844
15935
937
23933
15505
1602
13074
24025
16317
22531
2955
8351
13273
8842
11170
15456
15782
17384
20854
21801
11706
21656
11146
20654
21277
9389
7914
15162
3512
769
10897
10330
14528
18358
8349
11110
11617
10863
1271
25250
12798
16972
15278
8769
13609
632
3492
16099
20827
25518
14662
22293
2380
15423
11315
10775
15628
3466
14056
15068
24831
24898
15337
15296
24500
14440
4483
24915
7696
11171
8276
2972
2089
3438
17998
13111
16896
18006
23078
23979
7526
21094
24360
2187
14761
20813
19457
19995
5446
15811
1821
12139
13650
8638
10692
4836
16967
13656
9227
19623
24053
11679
16486
17373
14229
10375
11945
16248
4157
24929
2360
1011
23399
16858
19825
9921
2124
23343
1691
17184
9786
5220
12374
16355
7342
21513
20795
14944
20528
6249
25406
16464
24228
14057
16754
847
9848
12667
15988
6870
682
14800
10337
23840
11489
19268
5584
12024
14155
12586
15826
203
19080
8776
4794
7422
14149
15128
15670
15950
13517
3596
21628
8064
5895
10966
20757
19304
11547
25430
7898
21950
12872
15508
8147
15409
17387
18219
1114
22953
15334
11100
15699
2520
7295
12835
19102
18559
24834
12113
9046
20586
9553
16035
24331
1651
3932
4341
1234
22060
11107
9632
4286
11327
2
10172
24248
25224
669
9782
24669
23133
3674
7454
1121
11470
10462
20963
22335
5398
1682
3714
24771
11940
16125
20735
25640
9252
21198
8183
13225
21517
2019
8897
6819
11503
4128
5860
14004
18239
11915
7244
17799
10829
4234
1733
4440
24015
14116
4169
20843
1843
25580
8837
18827
16901
3252
3385
11807
8903
2362
8114
23453
18045
21200
9006
19372
21860
3132
7053
6074
15009
17820
8894
4950
2274
8396
22278
12731
15295
6477
12472
25239
22085
186
9420
23973
3550
13083
24005
2115
12241
411
7216
10085
2803
1091
8779
487
16239
4899
24150
2311
8560
318
23049
22411
9967
16074
2721
10614
17094
25525
21257
17527
16195
16450
9612
2637
5747
14298
12911
11375
13173
7407
14698
18514
11239
17910
13198
22863
20671
6538
3636
12538
2516
10878
1964
13949
24962
24425
23760
25364
7941
8824
22272
17056
22139
21149
3444
7094
6915
16637
6491
2272
4843
835
13213
11662
10543
22201
13774
13510
6764
6910
23725
13122
22362
20195
11717
595
1380
3364
3079
15274
15012
13149
2307
20507
8204
14045
22179
22868
10185
13666
943
5281
4024
9815
1906
24757
2681
20088
1283
17294
10269
12050
18699
923
3907
9248
1260
17705
7248
11469
3906
3565
18783
20192
19875
6952
5260
24955
19826
20993
13585
21345
9990
14118
12008
5561
22815
18452
6431
8032
9965
22891
10323
22768
18648
19471
18665
3684
2498
16536
19235
3343
24406
571
16010
4115
6070
1587
957
20617
3597
2511
24309
13233
5961
20560
4267
13734
1383
5135
1677
7213
10712
3902
6982
6379
17643
14375
21596
25063
19068
9601
15282
2656
7189
2819
21371
19638
986
1716
19507
22649
5450
8726
7317
15743
24736
2062
15111
11808
19963
4966
19246
20044
5672
5433
16819
10534
11428
21728
18144
2883
21185
24018
11140
15387
10209
8443
4801
6479
2651
15284
8571
19887
3592
23230
19278
18271
200
9134
2640
24078
5030
23562
8491
18910
11840
4948
2342
5234
18801
18402
9543
4072
1576
14968
12921
16701
17662
8545
15801
6761
566
16796
19094
9189
23277
20793
18196
1547
10977
23438
8702
2148
25515
13599
2757
7409
17853
13147
6885
20251
23690
31
23485
12700
18777
1174
19569
19901
16367
21740
3474
17764
20199
15832
7247
3845
22841
14711
19869
7327
20920
16140
2931
19154
7345
13177
6693
5718
9364
22193
5418
9522
131
13237
23288
18821
11942
12933
6545
12634
1150
4099
4500
11334
2722
477
9613
23081
2268
20392
19416
13077
5015
25351
17119
6244
2753
11213
9007
3669
12867
7715
22527
6221
12154
2843
20792
7103
5532
25095
14152
10825
3415
6299
23007
3779
10486
4781
22840
14330
13757
12140
22519
4660
14206
19948
12632
17814
23369
2706
21616
1666
5955
8765
18961
9654
22059
7366
25355
22279
14051
1337
23258
57
14550
7874
2983
21602
25335
13353
3330
25412
3813
8690
23516
25258
12461
17123
1562
10278
8986
5625
5409
5096
8156
1018
17159
11187
14974
11590
13808
10961
8946
5623
18928
11297
25332
12663
7828
20326
21447
24729
7155
19718
24413
905
14716
18349
24177
18398
8521
22405
17332
21054
22322
5265
17245
14007
1311
9475
18114
10447
6356
9080
2551
6561
9867
5093
24596
5216
23911
25598
20073
726
5863
4322
4504
11985
12230
9511
13845
6546
8360
15216
9907
6002
20490
3811
668
5294
19764
3211
1962
2719
7995
11959
300
8633
22742
16586
11961
24312
2280
25308
9846
2826
11524
864
12955
18755
12624
20122
8788
15929
15196
1065
16493
5247
8006
21414
4091
10414
22666
15345
13803
4486
321
14220
15937
20912
7644
6866
23860
12637
17046
13787
22400
8266
8482
5942
20111
20710
18283
12519
18576
17286
3875
15573
24486
2224
8977
11352
13359
25174
17024
9146
8852
6820
8148
4727
18440
7570
6184
22836
19665
11491
1037
23629
5585
19239
8543
7808
12840
19120
22239
16791
21479
14151
10487
432
1664
21738
15392
10830
2427
23696
6285
12036
22001
10789
9477
25645
3108
3295
8233
15804
23645
22999
22726
14070
15251
4858
6784
9735
2890
6145
11332
8048
7010
13651
8426
20332
7698
12293
23103
3387
1004
19291
19400
22298
8611
16364
19260
14035
25042
7960
1594
7142
4900
22599
6972
13943
20731
17911
775
9237
22290
10467
5941
8607
7945
18431
10226
24626
6996
10877
11542
3008
16161
8948
9191
13019
11220
11103
16575
19164
10081
4386
12294
1291
21612
19200
10156
18858
11203
17729
12390
16670
5374
14061
14460
20457
9618
1035
16721
9560
6146
16663
10852
2858
10093
19490
11758
10982
21295
9610
10620
11037
22300
14114
23901
3100
19078
10282
6352
11216
8745
7830
3081
12631
736
3938
18578
17320
12480
12672
15731
18718
17256
23352
15666
16997
1463
23211
1929
10682
25088
6316
3169
13793
6015
4773
18040
21024
11685
9090
21057
14651
18036
23031
11588
23167
19330
14201
20007
10517
23181
21286
1319
8166
17217
17644
2599
10867
11901
22413
6677
17238
11963
20471
23921
5349
23924
10072
18788
11196
11511
7116
2256
1465
7414
18593
9814
5158
16192
11703
22277
6177
19335
21228
15366
9100
21920
8054
10739
16309
262
4679
3370
13875
1487
15696
3935
17179
11788
2138
3272
12813
21196
21999
1476
4269
7310
17130
6794
7865
1787
9823
14994
24289
17516
11338
23771
24920
22652
2475
16832
6533
6882
10930
5134
23752
20479
2468
4175
5273
13099
22715
22710
5403
3826
18723
7573
20645
9358
15206
18785
13605
24766
3699
24315
24451
9349
21589
8658
15923
19584
11227
19216
22197
15995
20184
19123
4782
6191
15342
6083
4733
20107
24035
16287
11642
13330
13955
15441
17242
17457
4165
14884
15554
23969
22691
17204
862
17809
21014
6951
3707
18805
13805
20129
23448
14611
18918
297
14095
13105
14870
23874
21590
4978
9530
5435
8955
4353
11496
6302
6644
8641
13937
25131
8356
19052
21871
16476
10331
7245
12166
15750
7688
7766
23883
133
3667
484
11616
25035
18595
4490
13502
25069
22213
17935
2164
12007
6731
5085
13630
24465
22502
6240
7765
25031
3262
8127
3769
8829
13014
10511
8231
21595
3361
22806
18098
21575
10925
24063
16009
7786
11862
20952
12071
25526
8863
25341
24079
8228
5751
16114
700
13017
22619
23914
6022
8241
2963
3503
314
8374
25190
17739
4928
10824
5130
23378
10497
11129
8506
965
19932
820
15887
16757
22262
10068
9593
22850
4740
2535
10290
8523
1165
14461
24088
6039
19156
10134
1435
19801
20983
19864
783
11478
11787
4754
24003
20290
17812
23940
13352
19838
15605
6355
11157
20773
19926
533
22761
534
10565
5979
14049
15058
5424
14068
12297
17560
2692
10857
19483
23070
24366
5327
2907
24231
9116
15792
19378
15071
5459
9414
12830
23617
4425
23660
21208
17825
24946
22096
7468
15431
19535
6043
18809
21763
12072
357
8059
4259
23588
21820
3441
18580
18960
2480
10089
22170
7436
16262
3691
14175
25479
417
18889
15837
15393
20376
10902
2898
2485
9678
10321
14891
7538
12247
6428
11982
9127
21826
3476
24823
23222
19653
3825
4048
7775
3561
25338
17811
12475
17255
3860
6277
12026
15076
17124
21341
8531
16328
16651
1111
20898
25299
3235
5324
17964
7162
20144
8990
23063
17275
23619
5232
17372
13986
24779
5347
24476
16102
8459
21906
24711
963
3929
8832
9139
10012
20591
6313
14888
13929
17943
7398
4079
11545
10537
11518
11449
7208
3987
650
4707
9906
9423
22438
920
6896
5192
12715
24158
10983
4838
24614
10548
18046
4809
10647
7428
20014
4849
18012
25415
19807
18408
2285
4556
260
20845
8866
14472
3732
14231
4363
19098
994
19943
14908
9839
19646
9126
12086
18863
23235
14441
15760
7602
2286
16740
9871
5002
24438
21045
1242
1202
19815
24501
1131
7663
3061
19755
12477
9069
15754
23505
12115
5319
10661
7723
7464
20806
19468
19953
22124
18784
21537
23193
8456
16789
16043
19087
19387
23509
13691
16595
18359
24460
16204
18502
16341
8047
8146
16753
7936
24344
18065
4296
16557
5977
18760
13475
18176
1169
8509
12077
11916
17683
865
20137
18030
18118
11765
18743
22097
22034
18524
22153
9910
18348
22743
22360
11247
25577
18189
12763
11446
17059
20651
18438
3569
8566
22121
2431
12280
1406
20799
16200
20373
20720
2252
24633
10314
24109
1931
8152
3994
478
1973
13501
23046
15858
1833
6805
14536
13467
17190
12954
22771
19097
23292
400
21330
14399
7215
9269
16413
23044
7933
24405
14664
20219
23174
3946
2652
15732
181
2316
5108
25246
13446
22444
7379
23200
14629
10634
16748
12879
4074
7266
20000
18508
7796
12604
13868
8488
5729
3152
9133
6166
23812
7737
16188
7
4778
23581
14731
2761
7194
8733
17288
2973
6017
11591
3660
16111
14520
8198
18330
20464
32
4530
22289
10393
16799
7546
22385
4875
16132
6482
24860
15117
7576
11440
5885
1466
1668
18496
14235
22701
20531
21362
6938
1864
5511
1686
13904
4601
713
15821
5413
5789
25474
17677
20940
23761
18724
12906
4908
10814
24000
18351
17107
9284
12659
5385
564
5543
18574
15159
5655
2073
12124
2221
11600
5338
7587
23912
7856
21013
5176
859
5179
15870
22223
10127
1359
3236
11269
12724
18692
20548
1676
11118
1190
22366
17641
5567
25644
18170
4273
9745
2731
1229
20068
5261
21956
22690
4657
14971
7553
12227
1322
10091
14215
4184
1171
24453
7755
25046
10710
23310
24780
5180
562
12323
14120
17195
2183
5513
11992
2745
23132
22714
24806
5291
2076
115
13576
15568
499
14579
20400
13110
5493
3847
1588
13742
16994
4579
4511
22241
12481
20070
23456
15507
8655
23242
10794
11838
3947
18506
4053
17326
7952
20598
102
10327
9205
581
2689
2563
25101
4180
14634
21866
870
8847
7021
21585
4855
4103
19252
13164
13714
8500
6913
18598
20146
2807
20233
11027
11387
6108
21714
15663
11763
23432
9831
16174
1447
8976
14961
20421
12948
22632
9808
13470
22436
18365
14529
18499
1934
6535
6105
22938
8398
11063
12702
4146
17869
8927
14518
10212
19663
19437
19716
4444
5818
9257
16216
24390
15404
10783
2400
22921
23948
24145
23427
2796
878
20279
5725
6413
10120
3052
7050
12979
1198
13383
11910
11607
2103
6788
11274
20084
5727
7988
17646
16800
23111
20074
20181
15479
16025
9184
25340
6460
5610
9253
13331
24964
20035
2943
8088
17249
1167
15452
12651
20650
21082
7810
6571
4040
4314
14793
10563
24431
11849
528
23122
23469
20554
11748
18443
11507
5653
24563
21913
18500
5571
21701
21531
24561
2896
291
24348
2392
201
23763
469
17280
9882
2988
16392
8501
7281
15758
6948
14721
14828
13386
16937
7954
3443
20906
25575
11621
7225
23353
21199
17433
25122
22296
24953
17688
17602
23707
16737
4913
14112
19609
22892
7032
14688
16985
21067
7368
2975
15325
18255
9441
23473
9154
20442
20997
15767
15460
22530
15087
12136
6118
11501
833
19921
9286
6798
15927
21395
11821
20564
6919
13926
13040
2284
1153
20266
14954
3477
2499
440
14195
7784
2218
4955
11117
2059
25171
4387
4807
11136
25097
9627
9446
4644
23497
23519
4487
22912
4158
15411
3257
22717
19464
20765
661
12284
10385
371
3423
25465
999
1050
6223
3480
24978
7997
14717
6448
13593
17618
9829
23834
18883
18945
12547
16264
18371
4051
15488
17432
13267
717
778
7236
2832
10820
9057
24949
16978
18043
1939
21459
8840
15101
4693
25457
14778
7594
4496
1743
5204
21071
24685
22980
10959
25543
20700
7646
19791
14332
5965
76
1736
24914
6759
5815
6559
572
10678
19929
15262
14898
20782
19564
6668
784
12890
21937
4153
1695
15790
6449
12279
21914
1415
23844
8911
7993
8433
13193
16124
17716
12806
24376
2438
20039
6604
13936
11280
21209
20378
5091
13810
4758
9382
18642
7947
3071
1299
18653
22361
14573
10979
4872
7501
8300
993
2954
6705
16176
10239
24803
15497
22763
20525
19284
15851
1891
16129
3649
8510
23688
13036
5573
13882
18026
18336
23586
25172
7653
17325
11667
4664
2140
8667
21571
15882
13727
6803
12037
8302
5323
23488
14281
20357
6923
25326
1480
7655
4329
11873
13358
12726
21729
901
25385
11031
3856
11514
11397
17172
7793
15947
22040
11039
14722
15442
21264
10645
24139
18587
5945
24644
13409
18111
332
19183
14824
3506
7937
6333
751
13436
2270
6117
12846
7521
20767
24463
18521
22794
3239
21028
14794
17170
7301
23330
17471
13094
17706
22592
22392
1530
23775
5033
12387
12148
2913
21663
10668
13743
19944
3303
709
2181
5343
22568
10948
11206
20604
1455
13963
13674
16623
12051
14797
20017
19878
12768
16475
23849
13333
6999
14087
12535
19380
2479
407
882
9151
17109
25519
22739
8704
16814
13063
21550
9170
3986
4922
14545
3425
21935
175
6584
23101
15685
12456
24172
2215
6421
24262
3078
13013
3228
18989
14273
1393
22008
24278
20235
11091
11406
3219
7965
7564
6073
12035
19858
17110
5715
13455
11102
921
10021
5465
14076
10121
3948
2228
23916
9334
16292
18659
23052
18995
21979
20666
13800
17996
25072
16214
7870
776
22704
12783
17261
7394
149
24219
16431
20200
20179
24520
11836
1100
3160
20105
14415
7085
1596
22117
25405
196
16616
22317
4015
20120
9683
6689
6966
2136
103
9849
2408
12818
14699
21703
10162
22540
13814
7603
20567
19166
25388
23935
22612
4077
12816
21460
2195
22027
5669
7676
4438
16712
17675
22163
18263
9995
17700
6006
14497
25521
3488
10063
12395
13065
8157
1101
2938
19240
13693
20452
21440
9498
24225
4742
15218
13846
9557
17690
13812
6683
8620
3386
15783
7311
24329
10770
9048
15077
10900
18235
24050
2388
17975
8998
5392
19276
11760
4710
7160
12409
14684
10098
290
1000
4506
16554
22191
11119
21611
17738
25108
18343
9197
14619
16759
11657
16087
5452
9380
3842
18687
10840
1724
18409
16614
25327
16443
25000
20818
5813
5036
6342
11369
17695
23039
13884
19654
3127
19964
2991
21
8215
20354
5299
16785
16487
4194
20433
13184
25397
20335
16889
10994
7589
25039
4560
3493
18555
15372
22200
18679
10301
7389
24365
14675
8308
19303
15878
12381
7001
9679
2344
8142
11801
23290
2978
3289
2946
16955
25086
14855
17321
22900
15394
19149
10293
17355
14966
1760
25150
23243
18800
16234
15440
2412
11267
15002
9591
2784
22473
23630
11260
19799
9097
16592
8782
21135
19317
7199
8055
11897
7474
4001
20483
19830
9861
6928
21468
1461
14736
68
3450
25584
5528
17289
21206
15418
11365
20372
10740
11739
75
4851
19082
21105
23944
19539
10603
12159
23088
15276
3846
6623
25096
24481
6243
7920
19870
24758
22587
23709
12255
19461
8018
10372
217
11955
8904
8090
11670
20205
2297
15919
24224
19122
11192
2271
8458
16000
13264
11539
1033
762
9752
16551
21136
2046
20895
24837
14894
21930
8673
10200
16851
12040
7503
16700
18588
8391
3507
13326
7683
24882
13060
1473
23446
7678
14494
15349
1064
10941
8403
22219
19700
11373
2649
19740
16387
15630
10288
14737
22991
13563
19454
16090
5922
15922
6949
4443
10641
9399
8823
3893
5088
18927
16411
8411
21399
2850
7408
13530
2589
24213
19568
9053
12786
24087
14720
21547
6263
25278
15134
15798
12446
23493
10007
17698
18817
16976
21226
912
8197
17467
17379
15849
7928
6130
7442
12484
24663
16852
17823
9843
15401
23899
22188
18067
9984
5726
21287
8919
3408
8538
16695
9123
9737
13456
13395
20472
24677
275
20027
12465
24750
16415
3371
17009
3781
3485
6035
12014
615
17645
14886
6685
20090
20581
18791
25175
10308
23403
6555
2960
14272
24527
16059
13188
15288
22711
19117
1109
7817
6172
14431
23662
4508
13893
12958
11482
1633
2985
23274
5740
20437
4465
6786
16461
6147
21646
5271
1855
19220
22533
18752
24913
5401
11412
5553
20463
21273
2697
21760
17608
21951
22454
7749
12419
7618
23008
12306
11762
22764
16103
23196
22975
18228
24445
2680
16492
373
10605
1251
9731
19555
2205
5533
25602
11001
7924
3564
10234
6625
20310
1800
13199
18270
4952
16499
25402
12759
6467
8423
1501
9391
21086
24645
12316
14359
18703
20616
3184
21335
16975
5928
10472
6597
20609
1001
25424
4008
969
25199
2866
5991
10434
25467
7600
4531
2610
6485
14316
25044
758
19918
1025
21217
4684
15194
20736
5008
14436
19938
25253
15341
16922
10913
17595
11034
19253
20892
16927
7260
24816
3888
12598
16254
3910
1996
23544
20939
2159
5461
3834
8023
22028
9892
15391
3968
12523
8063
10382
2194
23471
20294
24270
24518
8413
23467
3380
21043
8900
1775
21268
20618
20946
21954
1157
2773
17902
23892
17715
3745
16981
18403
24544
21015
13887
7516
18017
21840
4638
16718
19866
8420
8640
8206
3390
16006
9770
1250
8136
14808
6780
20837
10773
25310
8325
17874
4583
14917
5182
23971
8476
11835
3359
3304
4591
14918
17177
13472
21068
12947
12292
1068
9312
3287
16838
4852
5139
20329
17513
15311
1555
16265
22967
9130
7384
13913
23650
13733
4934
8312
5331
23408
1124
17631
22205
13927
8320
7362
10666
416
20023
24379
14479
22576
8490
25510
8412
15300
7710
5918
3768
20474
18625
24584
24654
5058
14193
10217
9319
2768
11411
6442
6220
18087
10891
895
15883
4063
3894
19683
5530
9884
6396
9225
12696
3867
14217
20822
739
23991
24096
11324
13327
5525
23281
438
22781
6696
23059
19320
14303
5559
21106
15275
14905
12012
4847
5277
241
11218
24459
14091
1989
6213
6655
21996
21429
19645
23635
9290
11697
20229
1449
635
1007
7574
9121
4570
15819
3901
1238
14411
5190
4732
7767
19101
14064
6927
4816
3248
2572
8830
4697
22573
8159
13266
4971
12898
8526
16194
18972
18714
7348
6652
17626
7802
23527
4124
12869
19769
19706
11951
2081
21305
255
7868
13034
5283
17778
18520
5453
14024
23348
22427
4561
13187
1999
21641
3335
14291
11067
2822
15773
14663
21179
4906
9646
4729
20185
13418
20998
4388
12469
16738
1142
18218
12832
23152
20512
1689
18573
17023
9624
25382
9001
4107
18151
22575
20314
23945
19987
25658
18188
15211
3645
2607
6679
17597
14951
10501
22998
21546
8493
1913
268
19292
4136
13
10459
21128
12782
21195
2665
15512
25544
15592
24540
24449
21131
3278
16771
19171
22474
10998
1740
9855
5034
21854
9202
854
11734
14060
15779
1454
680
471
21236
13798
15144
11211
1943
3032
4346
13205
12593
24221
3810
24977
3725
7227
1221
10749
7588
20665
19205
16990
23989
7024
11377
6795
8732
21839
23372
3106
15198
1297
23084
15579
5719
4181
13192
20417
16021
15566
17386
15061
21124
20573
22699
11393
25025
8962
7955
5851
15132
7175
25535
13920
12006
20991
16788
12755
9363
8249
12221
17391
19724
14728
23906
18366
1804
12657
5985
15229
22579
3123
17732
12660
17175
16327
14208
25455
659
927
5743
8103
2808
21515
6121
20114
9241
18248
20529
23442
21588
602
4751
16489
9343
23839
19851
4645
14649
5275
20505
21059
24473
9793
12815
13542
21538
17300
17901
7126
11869
17879
7667
25071
4114
16052
15776
9056
14970
12315
5668
830
23946
10813
12541
18019
14287
6834
13682
19596
13116
19480
11851
16215
10113
5676
6980
7210
3204
12181
5901
15224
8220
19970
22687
14462
1405
19126
3276
18656
20370
4082
16428
9942
23563
3751
17622
14823
8855
5206
7028
24954
13545
17307
14659
51
9860
20384
13777
24134
4598
6338
5293
24049
11045
18321
24912
13045
17418
15720
18493
13850
24724
17638
22428
9430
16165
21955
3048
2628
6539
11572
9751
15428
2507
2402
24256
20784
9637
1024
4767
1262
13608
20689
13837
4675
25017
11673
13844
10175
9869
8068
12766
12525
25456
11579
20537
1741
8885
10362
15270
18063
19033
4780
9774
24166
25459
10860
19905
21797
16731
13495
14065
3101
6748
22381
20383
23902
19850
12237
16150
3446
2733
9909
11969
25447
10914
374
4211
722
14814
13892
5873
17174
23001
15602
16543
4392
17267
17131
6363
16792
3191
10765
22169
6541
1925
24950
22217
15635
6801
24735
8340
15557
4038
13424
3063
627
887
2854
23825
4856
17709
12705
7506
13931
652
17429
6823
7606
9726
14062
10320
4755
22343
19880
13009
20391
56
21396
10396
24162
12735
4373
2677
8806
1
2839
5865
11076
6373
15643
18362
18517
12171
22210
211
5087
23595
256
21065
5699
13161
16778
14122
20066
9044
16687
24350
5
18301
20606
19381
13841
746
23204
6261
1056
22909
22156
5431
14209
17547
8479
2117
14029
7439
19085
24944
11983
25015
17156
22929
20352
14050
19833
17918
7502
17166
433
8173
12577
1628
13190
647
4263
6132
21598
2979
18462
20903
5470
18792
20669
5622
23936
7202
22041
2584
1567
5160
9985
6620
2688
17939
18725
22047
21879
22731
2039
15761
23636
2918
8282
17439
14986
18044
3006
6150
19696
11766
20574
3541
3458
10512
6046
17291
12532
17162
20085
5631
13724
10103
6144
12004
6416
21962
13550
23404
22166
13075
7465
2759
14770
17012
3891
18543
5071
13445
9454
23564
13523
25212
9322
17481
18051
5554
1616
4685
18162
412
3094
13200
2463
5637
22931
23988
19614
3163
5563
18542
6504
9451
24637
6322
7896
24129
17867
13888
1515
19027
22746
10348
30
23215
1815
7004
9234
25185
1807
22596
22882
16343
3979
108
17451
23379
320
10571
1421
11128
2334
8578
7700
22611
22062
9402
6377
18537
25228
24338
3738
16314
22045
13922
24848
12422
9963
2811
12253
19453
12530
3643
23727
1052
22043
17073
18575
16071
23610
15716
6087
4699
5014
8906
23291
16073
22813
7693
11065
2765
2782
3736
16722
3042
2112
3566
24503
20954
512
14653
8314
16890
17461
9781
119
13158
20629
8554
17753
2671
11512
7132
7051
12665
1670
5117
9562
2785
22049
20292
23524
22594
24774
25574
16892
21167
25244
10267
3198
3903
1231
1519
14412
5780
13688
3363
791
8480
5007
16861
2492
22712
6457
18265
10585
25613
6537
15352
23465
18669
24061
13728
3345
25260
7222
20047
9991
24299
14588
3815
5614
22637
10479
2306
22422
11342
585
1631
7852
17063
8162
9455
6222
19788
24206
7750
3336
15951
20633
25286
19353
11735
22646
25284
5284
14987
20250
11460
13387
12407
5966
8642
18913
6057
6382
4893
7847
15708
6481
20333
22508
23818
316
24667
17936
2397
24872
13073
23424
3876
24925
1756
17043
9621
15447
23954
16610
25493
14956
16983
15725
23500
4949
14858
14449
1965
16191
18947
16075
25073
19296
9203
7471
18787
9063
12655
6052
7657
5427
1228
10675
15564
10984
23191
6464
24951
19429
1409
19773
14557
9606
8910
12839
23513
13195
24027
3848
13686
4903
19533
25198
24367
13319
15233
10761
4620
9102
16199
20745
9540
25269
16751
18840
17987
3070
15070
9499
18077
13954
21458
154
23341
17596
17921
25336
10976
16382
18132
17541
4003
17657
7344
1661
8086
486
23943
15305
8751
19703
4876
23362
11381
4549
3873
2078
3520
24204
23293
24909
25533
7825
1439
19711
16977
15127
16909
22923
5869
25160
22065
23249
8787
17474
1737
22022
9932
5318
6027
8311
7956
3436
13349
23065
5762
10300
22859
1557
12590
16505
4736
15914
25393
6565
12652
22608
12946
12776
2322
14293
24133
2878
13864
24927
14408
5531
25651
8921
15151
21329
20506
16599
21473
12544
17464
129
9816
10526
22862
24547
13663
17497
11452
21505
15660
4096
18303
22325
7286
9460
8313
20688
20630
1866
21444
5600
8518
9440
15625
7097
21570
9020
10002
6978
24268
10216
1886
306
18796
16801
1499
8126
2703
12570
25218
5016
14902
10005
9684
9851
22688
8797
18971
655
19733
18050
14030
17880
20640
12686
198
17136
22554
17316
13854
2736
25549
21844
21862
22552
2804
11320
17892
23239
5235
5909
11273
12321
14844
10911
4986
16541
19504
2118
20062
4619
21019
24493
4451
165
7536
9833
22120
18378
2448
14805
16645
19374
2531
24495
17889
18184
21092
20006
11041
1147
15172
16130
21299
19376
11777
6435
14976
18388
21075
19315
1321
5660
15836
5006
16279
20257
5264
14354
12689
16647
22878
18527
20169
8698
8208
17205
14996
23086
9500
14315
24330
12727
3230
23781
11243
3164
25181
6520
4002
19072
17745
21127
24867
17568
5126
17491
5227
13378
17873
24815
21846
8029
10389
17388
20725
13591
1186
9962
5808
6123
3024
18340
14246
12123
12028
14448
6219
13172
16958
24422
23814
10608
21410
16739
16678
23633
18029
1398
15350
1246
21042
25436
15694
25342
5174
17083
2787
22796
1961
11529
11839
5309
9920
25643
19273
12433
20994
3483
23431
22550
12360
13285
19130
24709
3251
13577
6250
7862
1871
19343
1362
21638
25520
3096
25349
10177
23416
25528
12558
18297
1222
14685
10955
4806
24044
16717
7990
24603
7580
19523
22155
12349
24509
17894
580
1774
24186
3658
24664
23618
1757
8872
7290
24871
7523
11883
18422
9796
13412
4646
10383
10699
14157
12326
9428
23793
18981
23269
11997
18390
2041
20501
18577
5800
12611
15429
2366
6401
16816
1928
4860
12403
16675
5048
13600
24564
9317
206
3186
15565
23326
21451
3093
418
22509
15960
19375
16635
23566
10257
2134
10681
22605
8085
18332
21904
20958
23572
10564
9531
2990
753
11104
11900
12679
22183
23474
9305
24583
22591
17213
14607
25104
11486
19942
5010
14826
7493
17058
4814
12943
14038
15910
24392
23871
20173
23602
19519
1553
19595
7006
10445
7421
13415
20083
261
25434
20374
2225
20003
6991
21568
4036
2166
24804
14552
20711
2775
101
331
17165
4883
13539
12855
19258
20385
21737
21764
14444
18445
12208
743
8828
1377
7861
8965
13228
14538
15008
5390
25362
18123
13619
9806
11630
4087
634
18101
7071
14904
10928
12582
17653
23295
20881
