2706
889
4843
4184
308
2108
8691
7661
8502
2362
84
1739
7398
8320
2375
4745
1940
2854
396
4134
8999
7264
55
2706
4804
6206
9185
3684
9020
6043
2131
5496
8537
5749
2270
4249
4586
8091
9104
3951
4978
445
4656
2173
4120
1571
1036
319
1662
5360
472
8047
554
1879
5046
5879
5568
5122
596
444
5692
353
3115
3959
8023
3762
6333
6730
3891
3728
1378
4381
2643
2398
7492
763
4670
318
8531
6574
8527
5033
1341
912
3763
3457
5576
4325
5575
3615
6948
4705
3017
2312
401
1411
2733
9417
2037
3057
4883
5055
3528
8396
8322
8907
2356
7570
6222
3948
9096
477
4806
2481
6617
4468
1284
3132
1777
9187
7506
9139
648
1241
9389
3470
686
6864
7242
203
9411
7373
5937
3807
9298
5744
4626
6940
2920
6683
4802
5435
414
1349
420
6299
4952
5740
5104
8878
5292
9279
3017
7667
4846
9229
1336
4140
8719
3587
6752
3521
5653
4129
5134
8412
6030
2639
857
9458
6502
3195
3369
3226
3790
2344
7614
4155
3321
4877
8864
7495
5930
6824
5335
7875
2861
2143
2392
578
4039
8927
3543
9630
2808
1781
1080
507
6862
8961
6248
9381
5920
5616
4980
7332
1918
7522
8954
5643
2719
8878
3531
5957
2533
6723
3701
7978
3904
5126
2501
1103
3849
6261
9044
5555
8016
3380
3791
892
6490
6701
9360
8822
6935
6116
56
9091
1577
1636
8032
7765
2384
2201
8091
93
7095
7428
1229
5940
4814
7374
9433
2090
1552
6012
771
9111
7564
1001
2214
5073
8883
9378
8353
2968
3869
1319
6979
3321
3227
5336
3828
7833
328
4237
132
1359
5835
6131
1017
7266
1731
3493
8216
6186
9337
2661
7199
3153
525
8525
1269
428
9074
5645
6148
3946
2784
404
4075
2239
8143
4819
7997
6933
1716
4777
3734
1896
4028
8453
7705
8752
9307
8993
7957
9641
6000
2946
2545
748
6726
5324
7474
8142
2745
1342
3296
8312
1573
8435
1219
2056
483
9097
3076
9482
8981
3138
226
4878
2967
2333
5118
6505
2525
3459
8316
6312
9079
5301
1010
1190
6587
5337
2230
8386
7772
1704
7086
6526
5539
5676
1912
5567
6920
1604
6452
4987
4526
8734
4187
763
8866
4834
3061
4967
3479
2555
2181
7591
4248
6680
3899
3168
7838
4128
5563
6561
7503
6586
3106
5411
6583
946
7119
8436
3064
4180
9609
4758
7754
7336
7055
6056
6739
7205
1575
162
942
5054
6563
1013
2345
6201
7170
2607
5276
4173
3569
3542
4183
913
7271
7032
4391
4084
4016
7886
6331
8168
1128
7295
3729
7532
8565
5711
5502
1622
3825
4007
175
4210
7640
1792
5583
1133
3724
4807
5016
3066
8126
4329
3214
4908
208
4978
4587
4870
3763
2119
3247
4368
6317
8900
7790
5117
8776
1877
9650
4591
6517
8394
8908
136
8289
6790
1729
7190
5867
263
6004
1322
1960
9443
7599
8486
9007
1512
2551
7797
7270
9554
6679
6360
6725
3387
2631
8881
6307
3338
8405
3357
2138
1401
336
9066
6600
4497
5221
7880
7958
5309
5625
3689
1574
8669
9213
1260
916
2474
7079
4369
4174
2310
2651
4543
9258
1257
8034
7915
4842
3918
9313
6389
1743
8087
3694
1108
593
4900
2376
2259
8685
7565
6953
1198
4092
7309
5789
6668
4701
6786
5658
2903
5158
841
3825
9650
3221
3769
2722
4507
9563
2591
5254
7779
3023
7215
9627
3907
1022
3331
5361
655
4440
292
1516
6774
1031
117
1380
481
1693
4246
3497
4454
5191
9011
6812
6806
7140
1735
3425
7455
2807
4401
6634
9138
3688
7784
9006
7267
5010
8666
4158
2110
651
7812
1407
5640
5080
985
8638
8784
5325
6388
6928
1446
3160
783
370
8097
5001
5327
2602
3113
8775
7422
7691
533
5991
534
564
7021
6263
8446
1431
514
7875
1746
7870
2388
8384
6763
7043
1528
8807
8820
8931
8494
3346
357
2496
3742
7766
1283
6696
432
8879
1314
6600
2487
2969
2337
2075
8446
273
5662
2716
4612
1095
3708
8919
2891
9222
172
6697
3532
4297
5112
8153
6240
452
7234
3755
436
5889
9565
7706
2570
7427
6338
8367
8131
1838
8724
379
9312
8197
5482
3691
2002
179
5888
3292
247
8122
7412
169
6616
118
3834
1909
1225
810
2234
1114
4288
8055
8943
9310
8999
3963
5080
6162
8083
5528
9307
1073
8061
8310
9011
1106
1424
6323
3550
3361
697
6942
4793
5580
7684
267
7536
5327
3906
3710
4827
5568
3492
8473
4112
6501
7458
7436
9559
1860
2898
7040
2205
2780
8216
3144
7987
348
7742
8215
8258
4409
551
6108
8841
1489
7403
3033
3650
7127
7843
295
1959
3600
6669
262
9520
1951
2439
6039
3950
1033
3446
8888
5234
2800
7451
4938
8610
4895
1974
2315
8364
2578
1466
3745
8722
7916
2518
1754
9024
2859
5297
4489
9290
7053
8600
6926
8104
9170
6472
7871
1522
3996
124
8926
5920
7093
892
3643
382
2188
3591
987
9406
3343
6456
8350
1990
2007
2290
7618
8344
2130
8013
9160
9323
9560
7138
7140
702
7344
9208
7990
3732
258
1590
7868
5771
6142
6977
2689
7921
5159
5039
4069
7194
1091
776
2187
8796
8874
2627
329
7024
502
5360
6448
1594
2435
978
5600
417
8174
5561
2977
9500
3751
22
24
3004
8493
6183
682
1034
6400
7392
1783
4451
5438
7576
3071
5003
9417
8349
3454
2494
8480
3239
7416
5095
6163
5873
7134
9157
7366
3474
1171
1461
29
1580
3055
1074
8566
8184
4580
3041
7861
1576
2998
6873
4925
1233
7560
1625
6575
9252
6050
3621
2221
5249
1430
1715
7434
6457
2552
8992
2447
6839
9182
9059
265
7562
1822
7091
8430
8561
62
4428
8726
3445
1299
6497
6266
1278
3314
4373
8855
1675
5611
2973
8895
6912
9132
4508
4203
7715
2843
3908
2233
2304
3398
850
2663
1168
5354
9380
4534
1664
2282
8485
6812
543
5809
1787
8921
7418
7644
6605
7558
4038
223
675
3049
1015
2238
9597
1725
1469
1067
2430
7751
2497
8747
2923
781
5779
8705
2283
1301
4540
4398
5703
6938
6861
2747
7310
8116
7297
6479
5879
5427
2037
1121
6382
274
7019
8202
3194
3847
7862
3123
32
7337
6549
8814
2215
5341
2123
6999
6129
6308
3534
7082
7546
5964
7197
1263
8198
4681
2530
2289
2983
8317
7903
3466
6323
4537
8559
3262
6632
4955
46
7223
5648
8169
9146
3879
7791
1243
92
7525
2083
8792
2353
6498
5439
4285
8014
4334
754
7410
8077
9620
8036
6332
6062
2415
4445
2214
3274
8905
7602
256
4783
8136
3204
1459
3911
7796
5778
6565
3111
6538
1750
3059
4041
8615
1530
1500
8370
3348
5614
2860
2458
3322
548
5708
7118
4729
203
6908
3413
6065
5090
285
5876
6924
3712
6907
7762
833
9245
1833
4567
5151
9640
1452
7593
918
926
3816
4949
8187
7111
4847
291
1915
3379
435
8230
9161
4597
391
8414
4393
8870
9177
1937
6669
3304
999
2675
3270
4121
3410
8055
1048
8926
9194
8722
632
9107
3617
8893
6244
8339
7472
9186
4232
2534
4855
1559
7316
6219
1962
4197
8510
3932
1506
1819
400
8911
6085
5230
7630
5798
3603
9618
6607
7638
572
419
498
8364
1259
7254
7910
2714
6428
7424
3124
3198
491
8038
8209
6434
3076
3163
4099
3805
97
6523
8827
1240
7633
9367
1665
4309
3938
1942
7763
2493
4055
9591
2452
6579
2989
9306
7220
2960
2044
2266
3777
5877
6741
5070
3006
6557
1250
5650
3973
3963
4517
4041
573
1834
4902
3690
9152
9128
3543
3943
1384
732
1498
225
8712
1369
2271
6079
5608
189
5006
3649
1717
5405
5561
6104
3810
7845
913
9163
142
3012
3796
8543
2342
4004
7537
709
3546
8385
6702
9463
5745
7054
8884
8005
3458
314
6347
6373
3417
7891
6488
309
9531
8220
882
127
7272
8934
2432
5133
4185
5197
5484
3013
5272
581
9267
9090
9213
2020
4891
7078
8156
3816
8144
7985
8702
1254
7178
3809
390
7045
1600
7954
9384
4347
1734
6510
971
8427
5423
3660
151
8554
2566
1487
2858
2136
2576
2650
6139
6363
7369
4971
3408
2205
5116
6128
53
1353
1207
1367
2833
3125
8073
3945
2431
7566
1682
4679
1480
7408
78
2318
8681
2816
6096
9363
8714
123
3196
738
5347
432
3345
8532
4902
7364
700
8713
6297
6112
1100
6798
1587
1654
1706
5659
9110
853
6855
5623
3714
4700
196
7143
6191
7634
4448
1685
7235
3767
8616
1039
3205
27
7714
6781
2798
6789
8774
7487
1761
3534
2404
8916
1470
3066
1034
5848
795
8695
5671
7969
3594
76
6712
70
7499
3100
2550
7389
7408
2084
8529
4296
4578
6947
1984
3263
7339
1882
2656
3118
5683
4505
351
4330
5188
8723
1641
516
7580
3023
3547
2977
8587
646
6157
1027
4249
2869
235
3289
9615
3894
1988
2828
2639
4134
7995
6509
71
4595
7282
8456
3252
7499
7637
6369
6263
6684
4330
2945
1656
5401
8865
7222
1970
1296
1436
358
6284
6068
3277
2620
7324
2164
2306
7834
8914
290
2449
3894
5180
2684
5412
1313
4278
8312
794
1702
7293
749
7167
7831
4348
2446
866
5777
6084
744
3415
7927
5234
4146
1602
8488
4915
2313
7029
9331
6290
7954
967
3668
9590
9457
5262
1426
3152
6418
7343
7341
8647
8119
8133
4893
8458
2631
4267
1467
2933
2683
1864
829
4650
3164
2638
3699
6896
4781
23
6306
9415
993
7460
2516
7381
2721
5030
4948
5837
5600
6355
5723
4096
4906
3561
8096
6676
8839
3897
6662
9630
5845
2642
3103
9435
3131
1385
4660
6911
1319
1106
8997
8021
9633
2775
4594
1952
504
7859
3153
6193
1476
857
7504
258
4801
5723
6335
2914
8222
784
5485
6035
7574
4057
8856
8207
5986
9147
7497
21
770
5923
8412
4193
3298
4433
8808
9498
9184
6102
6107
5519
5536
5890
5130
5721
7509
6873
1961
736
4707
1962
4481
9261
6243
4386
1153
303
2633
6346
8443
585
9183
6587
7601
4135
2840
5764
8642
8524
2011
5624
5180
3085
3564
1037
2504
6022
3885
6291
7715
2302
2287
219
6978
1387
3683
7132
8955
7024
935
8161
1350
5372
9346
1752
3586
6781
1669
3086
7789
6598
5865
6368
3927
5954
8242
852
8089
1311
8346
2391
8766
7153
9517
7276
4196
144
8549
4523
3237
8550
5208
1586
3225
4678
5323
8490
6267
5065
6325
1234
8421
3008
233
3045
7864
8037
8640
8991
9148
1740
4384
5320
2569
7994
6921
2314
5479
939
7752
7803
251
2369
2387
9492
1992
9348
6090
1347
5025
497
8043
3067
2046
5532
2154
6557
5828
830
517
9261
5836
8487
1642
4269
7844
7571
6529
951
1548
8774
4579
9188
5101
4292
1050
3270
6067
2950
7166
6829
9361
2926
7307
9382
4314
7442
6846
3477
6144
4416
8850
2890
5495
5303
6865
3101
9622
6337
2697
2363
7047
3375
116
469
5729
2942
7142
6114
7626
6917
2012
4964
1218
3552
8962
1920
6076
329
8026
8862
3486
13
1455
8529
8995
8458
3208
2531
7657
961
7317
8648
9054
2420
6151
2883
7671
4910
555
2786
1964
6888
219
7023
4064
9343
588
1264
5541
6702
1208
3240
9003
7156
8972
2799
8302
2565
4331
6413
9375
454
2311
986
4638
9611
6225
1195
5297
1534
2279
1209
5213
3985
6040
3181
2468
9426
7183
2388
7994
202
7342
7038
711
8656
4423
8769
960
5045
2359
8070
9626
3110
1813
2832
9583
2911
6378
5551
7026
8104
2387
9523
1928
9471
661
2520
7818
4806
8667
131
7675
7857
2506
216
3659
1201
7172
3094
5027
200
2825
3826
2183
9217
5344
5266
1265
6857
6036
2381
7893
1840
945
3203
109
7547
6931
9416
1473
106
45
3776
7765
8876
7159
552
4116
4753
4568
9326
6060
6393
1113
8373
1891
6820
1167
3047
8463
9588
1316
6581
4156
1678
8899
2778
3173
2115
5281
7194
5741
6342
1993
615
3335
3040
1026
8517
1242
580
9462
8852
762
8504
4175
5103
1718
7634
2991
7216
7387
2526
3679
8706
8267
7395
8938
8894
3499
5474
4068
3889
6721
757
5979
1000
6379
8053
2662
3829
2532
5544
1011
2285
8627
8433
4212
206
7756
4056
5218
1846
4332
2370
8241
1644
8767
4313
6093
7837
2483
1091
2807
4622
51
1855
1633
6844
2369
1046
6537
958
8257
3981
4882
3837
3418
5209
6264
8740
3595
2466
8782
4504
6717
5153
8393
241
3394
1406
6481
7331
4570
9528
7732
5189
5420
2318
8590
7233
6979
2486
5273
373
9651
4363
1251
9619
5797
6035
8861
6791
536
1462
4142
8327
9377
629
2270
2611
7806
7676
8914
1734
297
9466
4534
6994
4644
3931
8928
4420
2674
7991
8475
6343
6833
7946
2777
3520
2309
2679
6413
516
8475
650
1697
3672
2323
299
6642
6693
1298
9388
8727
7162
9179
7098
5637
5042
8360
2822
7649
5465
4064
1025
1415
4237
2251
8300
7669
4114
4331
1279
2478
3699
1202
6259
8100
7155
7993
1981
289
2699
181
3962
2957
9613
26
6075
9438
9497
5491
5585
6049
8733
749
6687
4949
3936
7244
3630
3813
5883
6416
1565
221
4194
1114
2446
5326
3878
3655
9519
1157
3378
6622
5665
3646
3350
1391
1884
7409
1721
8940
9372
849
6119
3648
6277
1250
8893
7774
149
133
7813
4153
3386
1086
8056
5738
3031
8064
4239
5491
7703
8417
5433
5935
7996
7766
4466
3079
7003
8352
2879
5629
8579
5299
1555
9028
930
7939
4378
4728
4655
8823
6190
9002
3614
4834
6116
1235
1124
5800
8063
3450
4668
4413
6403
7498
8413
4529
1860
2567
8203
8073
8580
2191
5398
4555
7710
8867
1345
5374
2467
3142
4745
9298
3006
1465
183
5976
4793
1359
1408
3272
4640
8687
1668
9235
1020
8703
1434
6164
6027
4602
9618
7378
1768
5235
9311
3587
6644
6138
8093
438
3310
399
1125
8208
652
2404
1463
7083
8406
5610
2924
148
6910
7011
241
522
8163
1737
4708
3275
3154
3048
2414
9236
2972
380
2744
5622
2703
2988
3873
8435
1007
3664
6120
8656
1918
8142
182
2140
1238
2358
1108
466
9438
7224
7692
1191
6249
4936
8086
4211
4303
7322
4171
4387
5457
5567
4145
4082
2275
4169
8883
2059
948
5743
2023
6822
8641
6913
6181
2081
255
4531
5254
962
6670
4960
2797
9382
6337
3169
3579
6524
9277
2374
7415
9486
7528
8920
9088
5922
8655
1742
2895
7526
9524
5223
6341
5783
7584
6356
7683
3557
140
5310
7936
9433
284
5656
4051
1490
2833
1142
1624
411
5049
1689
1151
2649
5885
8941
2535
9635
5963
2893
8491
7900
8066
1799
3043
4873
819
6785
9242
3391
5407
7887
843
4077
8047
2422
6373
8832
3725
7756
1913
595
6034
2637
6184
3910
724
6360
8272
5017
0
417
2169
1154
6145
1234
7674
3423
2682
7974
2354
6759
2673
2261
6238
7131
4002
8887
8590
2814
896
821
2643
854
1881
4738
8554
8686
2367
2827
2162
870
998
6435
3487
3304
662
6951
5145
4888
1510
3410
891
6661
9558
250
7471
7611
8137
2438
4578
1800
6623
7707
4517
540
6137
1677
8423
3665
8872
4178
6848
7268
3192
85
4320
7662
5432
1683
6027
4719
8160
2426
7656
4983
7429
5524
468
820
5905
2979
8689
3891
119
2417
5146
7197
9356
57
299
4346
8044
7396
1358
668
7116
1354
8973
8071
1686
598
3895
8134
4799
8443
7533
2734
5370
4547
6180
3947
8835
5562
9230
1446
1308
8552
7393
3645
5258
3860
8682
602
1435
1800
5335
2852
6385
5059
2753
5111
8259
3845
9514
1670
2106
1038
4860
8188
4809
781
3897
5924
2935
8058
2777
2761
3429
7431
3195
5409
9606
8448
3888
6259
1141
9431
9354
6313
4629
7992
5315
9628
4410
353
1420
107
6470
8379
5642
8294
3148
4241
7402
9415
6040
6183
3428
3278
5392
5913
5011
2832
1405
8268
7317
9071
4346
769
8400
7648
865
6230
7203
957
8360
3502
6841
4373
3817
3
709
51
4941
6219
5853
3854
6710
8962
7541
9198
4810
6310
8806
7073
2347
4343
9106
1197
6400
4737
2341
3716
1043
6438
1050
3380
3051
6803
2508
2337
1199
5717
6196
1929
8290
5968
5050
3591
2507
8474
9176
86
4450
3441
4345
7697
1863
3871
382
7213
4573
9069
5153
4096
1475
2915
4438
2694
2268
8949
6307
3695
5241
6464
3390
1159
8256
5727
5090
5125
4759
1284
1741
5912
7051
7897
8103
5614
4695
3276
9437
1471
4708
4438
7740
8833
430
5748
1053
6640
2224
2652
7759
3032
8269
877
5309
8564
7787
3582
6608
7299
6895
8382
139
374
1591
115
5267
1357
7095
722
2058
2022
9504
9006
4634
7785
3267
9063
3081
2528
574
3250
653
8314
5357
3117
2267
4541
3204
2937
3815
924
8133
7421
74
5277
1762
7137
8151
5134
3789
5724
1369
1559
627
7448
6698
3722
9109
8241
2319
4025
8325
652
6463
529
3311
2501
5142
2360
4890
8786
4010
578
6382
8756
1003
3405
8616
8594
4563
7693
6550
157
6940
5204
2498
4914
5898
3578
2839
6813
4162
1145
2624
5383
505
755
9054
4282
7093
9573
3337
7538
7314
211
9353
9254
410
4453
7108
5786
1066
4206
8392
6654
2480
6597
7382
4872
5706
2336
4490
1832
3399
2398
746
5260
5401
2886
121
4551
7256
1335
1
965
6673
190
6941
9141
2974
5719
5058
496
3420
4737
6231
6658
5051
5291
7320
3830
4694
9218
8207
6692
433
1628
2103
647
3146
9235
3037
8018
3442
8536
272
3222
8936
1401
8214
9505
4103
4138
1462
9173
334
2584
1567
1064
1317
2524
2688
5413
6800
3350
4451
3432
6353
2796
3964
7445
233
47
2731
479
8915
21
293
7966
2918
5311
2579
4165
8262
943
7617
7008
4875
4972
7126
4965
5174
6740
3876
8560
8803
2873
6077
4530
6652
3846
9432
2536
2831
5617
2256
6625
6607
1327
2400
4951
7202
2924
867
3877
3437
4727
6499
3484
3553
6268
4387
6213
7514
1262
403
7133
2736
2710
1189
8010
8466
8730
2755
1616
7106
9645
2066
8973
5894
9129
412
7490
2905
6002
364
8807
3308
8913
2259
859
632
2408
1645
1259
6713
8985
5643
2441
7984
8447
3449
6431
4473
7928
7467
6866
7372
4223
30
9036
1888
6110
1815
5434
4461
1042
209
6654
5514
1807
1270
3287
6348
4152
108
1801
875
7598
862
2250
1421
7767
8582
915
7397
5163
4704
6950
7081
7889
1957
7648
3944
8806
594
8523
1441
1740
3394
4349
5140
3259
5971
8162
8231
7573
2419
9560
6883
9408
3007
3227
2782
80
9396
4815
6486
3758
5763
3948
4576
8986
6425
7986
6749
8048
6289
9050
2630
8020
2765
5863
8335
625
6402
9142
4860
1018
2112
6743
8298
7710
6738
8528
8895
5537
6731
102
9499
8936
3744
5173
3248
422
3444
8861
6048
5746
2985
2671
1231
1756
6392
5294
2955
9311
6491
9641
4322
6131
8051
1977
7421
3565
2073
3626
9536
5250
3541
6334
318
9053
4950
3620
7137
8252
3656
8586
1654
9144
1231
2125
8885
1519
9239
6167
9412
791
1935
3916
4894
8841
2492
1291
2
7448
7384
4066
5470
7896
8535
6053
3683
8787
5093
3303
3408
8052
9363
6501
3126
6733
2746
6885
4124
7926
1176
5378
7960
2306
1355
978
8359
8233
9368
585
1631
7172
3357
9402
925
1286
7155
630
3824
1263
8824
4614
5936
3817
373
2994
3228
3969
4492
7285
4570
5217
9380
7001
6211
4755
8190
5206
3450
1341
9007
1504
6437
5108
8127
2132
2410
5919
7052
1283
8281
9127
6366
9238
7850
7503
7736
3509
1629
5511
3372
9544
8279
870
316
8275
371
3122
4212
2397
2731
7404
1116
3859
5629
5533
933
6515
2018
2144
1621
2730
4939
6965
7521
4429
6736
6957
9530
65
1803
5275
5135
9559
9616
1965
9026
478
1267
4671
5238
4327
6209
7025
2784
6429
4054
4569
3678
8357
4468
7481
6889
8771
2585
735
8309
9400
871
8313
6234
5159
4939
3856
5637
5837
5995
7951
648
2489
3427
1744
7274
4905
4425
3490
902
7908
8393
1409
835
7397
1414
9335
1137
8041
2160
8626
2257
7940
5909
8265
4058
100
8285
8303
3533
2334
7854
4686
3725
2625
4498
5770
3353
7788
8956
3785
3347
3654
5841
7854
1736
4906
5639
6980
8691
5045
8668
3087
2910
1326
8572
1332
7153
2477
8949
7953
3736
5521
5451
9651
220
4672
1124
4436
7708
3901
3248
1661
486
678
6275
2917
3849
2722
5413
3485
6685
7350
522
3318
3039
3443
8311
9441
1672
4588
5099
6298
7084
6782
363
3786
1017
185
1713
1596
2692
3780
518
9654
2206
2086
7318
2727
595
8556
2322
8798
906
1737
9530
3668
6015
6447
7205
7357
3436
6935
2173
6649
4114
3990
8249
726
4552
8797
4698
5543
3356
4959
6595
3838
6356
2358
9322
4000
5392
1416
7475
8002
7468
7311
2076
1809
7179
1435
1097
6098
6102
6145
1906
7362
8982
5098
7057
1511
2343
3624
7171
8054
8845
2499
2348
7624
129
1321
8714
8726
2029
8152
102
4063
8707
944
3133
8821
5235
6378
5847
7151
9230
9238
5005
3592
1222
3770
8096
5922
4984
8374
3293
2748
7975
5216
7129
131
6089
9510
6446
2490
1036
1249
2882
1502
4490
4781
9628
1886
9353
2256
306
268
5815
76
6859
6066
5901
142
6148
9175
9562
1573
7702
9612
1492
381
4386
5822
739
655
2133
6571
5256
8198
3266
1271
7973
9157
2790
7254
3065
2078
198
7572
898
3837
1967
2899
8230
8108
721
471
6753
2736
2329
6772
6786
4972
930
2195
9052
7523
5969
5464
7815
3646
4549
3519
7989
8004
1660
4619
5903
1983
4722
775
2118
4809
9046
222
5049
7092
165
4440
6559
3219
5417
8469
9585
40
5965
4361
7676
4755
9465
4875
4500
7406
5316
8957
7413
6133
6570
4074
8546
901
2163
2573
1011
9119
9099
923
2906
1891
761
1712
1032
1321
4329
3071
4818
1608
9192
4285
7898
4731
905
4261
4205
8760
7466
6711
8518
2402
6659
1223
2876
6758
5356
4854
7443
8459
8496
2981
1993
1474
9026
3230
7649
9493
3164
664
2424
5638
3180
8177
3324
8
3741
1282
7202
7811
5513
1471
1131
3566
6966
4693
9025
7635
3078
6572
2954
3779
6330
4181
6107
2350
5211
4516
7905
8690
5374
5540
9009
2027
3024
8468
2249
2712
2785
5255
2927
1204
9397
3687
8809
822
3949
144
3279
7249
7454
871
7920
6167
9294
1153
512
6543
9328
1793
3705
8569
1561
1706
1392
1599
8291
2787
7097
268
5040
1212
7897
1008
1035
5070
29
6811
1880
1668
286
426
6342
6017
723
3483
2435
2120
5592
1705
882
8794
4821
4625
8087
5530
3251
7326
3812
7086
8857
5331
1871
5027
3823
3306
1362
9479
8345
8813
8738
9429
6409
2733
8673
3137
6533
3517
7760
2952
994
4778
1222
1179
2756
9344
5772
6049
9008
5241
6788
8601
400
5000
1228
8987
6766
1238
1790
2690
3
5466
8721
5136
2377
2412
1774
3589
3730
969
8217
1449
1602
1769
3658
8912
4773
1115
68
3898
680
9473
2850
71
372
8622
3571
2549
4691
1593
4462
1588
8054
2114
1675
9582
4098
5731
7465
9406
2005
345
7730
2041
3975
2803
4432
1704
7812
1661
8620
6828
2366
1979
6703
1928
8440
5989
6353
3277
6936
7201
558
5852
707
206
3186
8791
5744
5736
3093
418
374
6100
3952
8737
6220
2907
1274
8461
8850
4087
2134
7330
8368
927
6297
5739
8542
37
8132
6856
407
1799
1829
7200
1089
5733
718
2990
8159
859
4807
8239
772
1469
9121
2998
4765
8082
1113
3623
9475
4886
8937
6794
8135
9037
7806
5140
5692
1398
5622
6539
1917
189
9317
8892
5538
4869
1122
4675
4744
2951
5506
4040
8995
6823
5007
3201
8111
3209
1553
3633
8434
2139
7353
4403
4230
6404
9196
2953
6197
4385
261
5486
9487
1068
7326
9434
7786
2434
3026
9420
1355
2225
3355
6880
6545
3011
6444
5088
872
8866
6852
5329
5472
2837
2779
5092
1379
1724
2775
2093
6735
331
2699
8933
4751
5398
6921
4465
8932
993
6042
1787
3462
5529
1166
7895
6816
2197
5442
1377
6667
743
636
2316
6867
3765
7874
4782
1147
7725
4637
8465
2242
7953
659
2794
8703
4714
1485
6233
5261
634
2109
6309
4215
2797
2975
7948
3733
4437
8233
6826
5677
5336
9115
5478
6154
3779
4189
9557
1905
688
415
1138
2168
6601
1072
5628
7327
2006
5844
2938
7667
6166
327
2549
8838
3010
1601
6140
7651
3824
3667
6425
1094
9202
4102
3415
5709
3063
3091
2604
1065
1303
5900
3635
6486
7862
4574
2726
5172
4113
8890
9452
9420
9275
6742
487
2877
5214
7973
4696
2707
8977
5264
7135
4136
6329
3516
8114
3205
958
161
9120
73
6697
6172
9534
8129
2462
5573
3333
5598
8484
2142
3598
5148
5331
4876
139
3125
2891
75
6472
229
4780
7464
6157
5672
9564
2571
5652
8817
9039
703
2607
3946
5948
1252
3080
6536
5124
5979
7863
4835
285
726
6247
1944
9108
2284
73
3951
7502
6584
3465
411
936
4579
5554
9414
7391
2981
4146
8000
4697
4836
4700
4600
9233
2328
8472
5507
7479
1491
7114
2640
5598
4920
2379
8438
8490
1227
3504
2657
9039
8090
6648
900
803
4246
6716
2157
1388
3795
6750
7189
9552
3132
7206
3502
4934
5737
8486
6311
6915
7884
311
3639
5669
2241
654
7763
7390
2136
8992
5860
7719
8633
5768
557
2612
1712
2278
1419
1760
3567
5460
3852
2953
4599
1442
8630
7709
8658
6699
5590
9464
7128
8410
4730
157
5131
3990
6724
4283
5365
6504
8434
3773
5929
6797
9305
991
3228
7653
2655
2701
4079
4197
4272
4583
9539
1650
3210
462
7407
9402
5635
2165
533
2183
1606
9247
3879
7394
5115
2668
7876
3216
1821
9201
1177
6902
1852
2092
5565
3738
4546
1357
1118
8775
340
7072
2482
7711
2888
9535
113
1414
91
3460
4487
2180
2628
6074
3386
7566
405
7929
269
9362
6123
6996
4291
2021
3831
9536
6466
3308
8869
6488
2965
3484
9155
5960
153
5342
1410
1307
3149
8125
2464
2252
8909
2945
3442
1749
8495
7394
8638
8618
2623
1140
306
1810
8715
337
6408
955
344
7281
1947
8411
52
4130
3342
491
9451
8651
6926
1649
834
7001
7759
3691
8808
5304
3474
5084
921
2535
3988
5864
96
9330
4306
5278
6207
4048
9437
6009
2004
6664
858
4776
7000
9617
1291
5974
7923
8520
5915
8258
8820
473
2644
1725
8508
6442
6674
4420
356
4605
4756
5375
3469
4604
5468
5183
2117
1805
7078
551
5310
2590
5713
4375
6620
1439
9368
621
9527
2342
4016
8342
8998
3501
7401
7594
317
7059
7236
2485
6211
1937
2162
5015
8035
9056
6015
5644
751
5284
6621
4110
9134
7677
2054
1039
4582
8602
6444
1517
2812
3873
33
5114
5941
3046
6420
8249
5251
1673
7440
5480
2134
3503
5192
8092
7347
5798
1260
5220
2409
7847
7248
6937
2221
2101
4001
6069
1270
3149
4083
8661
9100
3880
4913
8031
304
6918
1989
3996
5838
1988
2386
5020
8793
1448
181
174
5993
8595
4783
5961
5850
4216
6330
5363
5789
3471
3161
8984
7510
5452
7899
5204
6097
6589
8902
5034
5747
1083
8531
8284
973
649
103
5488
6279
3800
4321
8768
4933
6993
6377
9122
7587
2766
3511
802
1640
1915
4874
5156
9467
7450
7259
6541
928
5072
5410
147
3018
9401
4990
9342
5189
4664
2969
1207
1953
5217
4925
499
2009
182
1224
4301
1584
9391
7627
1973
1609
593
2922
7245
673
4715
3848
6838
5064
6018
340
7107
8804
4225
7411
2220
7266
8704
1887
9593
1287
2181
8870
4362
6061
6151
9017
6651
7546
355
5247
7808
8981
8175
4858
9448
2184
1275
4685
3597
2297
8192
9333
9193
1677
9051
3409
4669
6064
2785
1268
4830
434
5014
839
525
5563
9227
9609
5880
9195
7061
2114
7213
6884
6897
424
7113
6427
2035
3184
3596
6685
9125
4309
5178
6801
8323
8984
6384
7201
5781
6432
9033
6265
7021
9255
8243
6984
7541
8398
2311
7225
2864
696
9610
841
3236
5565
8738
1707
6401
926
5034
4471
3032
2459
7972
6062
335
9124
4090
8553
2230
1315
496
7371
2819
7250
4675
300
498
2610
8121
4549
9227
9237
9065
8028
6344
8301
2258
4901
1598
3507
4067
7783
8256
399
9155
1380
4245
5714
8326
420
2246
3724
8491
2605
5729
3793
8109
7682
7209
6449
4444
7298
3269
34
5769
6804
567
4849
186
9430
6296
8251
6997
6130
5607
6396
9484
447
7792
1635
8340
4159
7210
7656
7673
5518
3957
9599
9455
7944
2744
982
8778
663
2795
9060
3787
4240
7979
8675
5332
8470
8533
1967
6314
1547
2885
7175
8630
2011
1224
2089
7861
5719
7277
5127
7917
2470
3200
1372
8313
1465
8343
8121
7345
6300
2357
4749
7428
2590
6333
128
2427
1819
4157
4660
1142
6969
5726
3258
2531
8607
4019
6390
5788
7654
4167
2996
3740
566
7860
2594
3536
8080
4654
2059
4295
684
3612
4618
6877
8023
4667
349
3053
689
6260
9558
9556
911
8950
2378
7588
1933
2764
6521
9015
1770
227
1627
912
7755
7784
3382
2975
1212
2506
8229
7894
2148
2198
8971
4750
770
5246
6893
8657
4832
2335
9117
8401
4977
631
669
9088
2341
1096
5404
2523
2705
3074
1526
9151
7767
7558
8165
6674
997
49
4609
5143
5982
5457
2408
2529
5481
160
7616
1255
6250
5288
6053
4833
6847
2229
3473
945
1901
386
9243
6875
6580
8110
4684
4421
4926
7978
5661
9038
1866
7931
4326
1325
1004
8742
9164
812
7621
3707
5247
7609
5395
8040
4275
7517
7287
5244
5123
7165
3671
469
1497
7485
4872
6626
2149
7844
3677
398
8534
1550
9385
4630
8511
117
5839
5149
274
7865
5941
8522
2533
6915
9578
9346
4791
6911
2995
4729
8718
9083
3862
2194
8754
919
2104
6694
4871
3675
7855
2029
8172
4204
4881
7173
8828
7542
460
5227
4526
8255
7033
3230
6742
2331
8118
9264
9098
7141
9030
1373
4503
1649
8942
9074
2539
5273
3976
4404
2606
6447
7125
1751
613
6859
9421
2737
671
9459
5869
8498
8805
8539
4709
4785
9012
7112
7180
256
6474
9374
7278
8072
4135
4510
3067
5228
9068
1370
1629
4402
2569
9316
7116
2728
1995
3295
1716
5558
4971
8680
7315
3246
3881
2820
3171
7028
7800
3320
6748
5610
8145
4930
6918
5944
4509
868
3468
7484
4443
3684
1147
6197
7034
3875
1590
3367
2002
7983
1986
3507
7054
3221
8687
4054
3500
5239
5287
2796
8337
5649
9161
9096
7154
8297
4334
2189
8781
8253
7039
7797
4897
231
6322
440
5961
2766
6494
4787
3431
7833
6439
2088
7550
984
8513
7574
1885
909
4293
4140
8324
6835
9622
5099
6191
5808
9419
5105
1980
9248
800
8990
6357
8328
2295
8361
4290
8953
7653
8354
8027
2410
326
6658
7545
6563
3127
7836
3977
716
6079
7680
1736
6614
4643
7542
1864
4543
7793
9395
9416
2260
5277
5707
172
3713
3747
1517
5314
6969
7336
6628
4493
2196
8988
4070
8945
1335
2600
3768
2460
1035
15
9540
1286
3613
3056
8273
493
8816
187
5896
7874
5385
5505
3447
8853
7804
4317
4618
9336
1696
4189
350
6982
4527
1323
7548
8742
4273
8547
9509
5710
38
6397
5916
8575
5285
2919
5319
5051
9621
4359
5306
4874
8727
3686
9543
9575
6454
6986
1460
7144
6044
8958
7737
8591
5259
8975
5340
5016
4157
2546
3332
1922
4614
3233
2560
7392
2182
6656
3931
7958
8617
9454
742
5085
2336
8571
4186
5857
5991
7351
1977
5813
1534
4563
7062
5686
5358
9629
3634
6029
6835
9485
6815
434
6380
5493
6271
1285
1440
1934
2790
9162
6070
3748
2462
1848
1882
8903
6735
8600
375
772
778
2751
7352
2455
437
747
8048
9041
2411
5307
4931
9512
3566
979
7789
8492
4472
5895
6963
6117
8927
818
3954
3842
9080
8517
940
2859
7128
4922
691
1368
614
3576
9518
7606
2544
8468
8764
8058
7168
6226
1412
2514
4364
4630
4556
5966
4025
161
5547
925
2505
4539
3096
7474
8263
92
4274
1588
2120
532
7036
2185
4659
4796
4392
9233
751
8869
1906
2169
9414
7035
2083
8732
5346
2471
7409
4437
8304
3138
4412
1769
4204
5119
6028
4988
9337
6426
3476
3214
7413
4378
5718
7588
5011
7471
6072
4720
9600
4280
8391
4125
7304
1143
6482
7611
2829
9424
887
1723
6487
2170
634
2443
6052
5963
8851
922
3300
2354
4976
484
444
3893
1062
3480
2853
2224
6152
3488
1647
8918
9550
571
8966
5139
8615
339
6635
9302
4251
880
6899
3926
6886
7470
4989
15
4748
3716
8731
1281
8158
4484
1191
3971
169
8848
1691
6809
5366
3462
2158
8818
6221
9521
7076
9318
4519
6864
346
7600
2182
6604
5060
2788
7507
4912
9112
9338
932
1898
3419
5064
2020
3631
7234
1298
6084
5720
25
3998
5927
5157
3175
944
7126
597
1098
8957
493
6788
3872
6451
3291
8801
4154
5900
8516
4931
3398
904
3997
3655
5459
9319
2826
1621
2735
5397
392
4290
4311
8589
8624
4653
2641
6358
949
1520
156
208
3385
1160
3721
3732
1879
7579
4598
7670
4003
4013
505
3476
7307
5949
1352
1837
8098
2880
9469
2359
3896
7724
7261
6520
9241
6738
163
7908
1141
1186
3271
3038
3150
1258
3260
2884
2882
6777
725
7150
5531
7298
1619
1844
3747
8849
2100
8795
3170
4557
2540
5428
6428
8632
2451
5036
8948
5572
5760
9459
6995
3784
9373
1019
9076
9358
8512
8182
2118
8146
8336
5470
8956
1450
3174
5388
9281
4597
7703
3117
6301
7143
574
2875
3644
1804
2673
6092
6410
582
2841
3193
2844
3657
9531
249
1957
7749
6650
4266
4244
5381
961
2379
4086
793
7407
3455
1730
4052
8676
2480
3224
9291
5322
1670
6683
625
2429
690
5813
9398
9596
674
9190
5646
143
2061
8124
8746
5776
6952
1010
6958
8174
3490
1236
3218
2938
323
6179
8567
1020
1062
4379
7775
4829
707
3564
1482
1353
3746
4768
5421
6485
6424
5296
6597
5996
3430
8116
7916
2701
7231
5620
7943
4649
2282
4747
7193
6421
2413
5106
1933
8901
9191
2141
3697
6517
7952
6218
6843
2971
9117
2850
5541
4600
4307
3882
3515
7835
1273
7338
2248
2276
1195
4253
470
9453
8565
6170
3200
2758
5571
5260
7645
8965
1691
6714
1829
5532
8759
5410
584
2275
7177
1090
600
7601
2503
3677
5848
5483
8282
4797
4990
7489
8643
8711
3762
1931
7313
2970
8629
701
7668
3772
5487
633
4267
8173
4340
3231
7436
9318
1678
4515
4825
3015
1513
6278
1111
9513
7814
2113
7088
3396
8637
6088
2509
1381
995
2046
7561
564
75
3590
1863
1312
8069
8331
450
3471
5010
8765
7136
8450
3078
4044
5756
6227
1727
2329
7741
719
2931
4365
2456
5750
6147
5114
7
8206
7221
4962
1801
1553
7849
4431
1399
7163
1272
1700
2914
4242
5082
9378
8117
9603
2548
4697
6938
5489
9186
4442
6086
983
5895
6928
8403
4164
3709
5098
7882
1226
2164
9517
6525
111
5494
7034
1536
1337
2540
88
9506
5870
609
9127
7947
6900
6290
9242
6093
5376
2993
1338
3644
6882
2904
9577
2739
1055
6464
8158
3715
4059
9240
5367
6195
3984
6254
1254
6220
9439
5733
2043
4462
2365
4003
2448
6548
6471
8456
4170
3042
4165
5435
5047
6405
3034
7036
8481
8365
3841
3714
5488
322
5032
4446
2188
5818
1318
5332
8028
5977
5853
2858
4289
9398
1201
6964
1671
6185
8167
9401
3020
2463
1617
8665
1090
907
5042
3562
6234
6898
5884
571
7042
3694
9623
6789
7600
5581
4779
1789
4260
8032
1868
4519
1053
9505
6660
9089
5595
3322
4687
6750
66
4124
9450
8215
2147
7108
2572
5794
3854
6164
7406
4094
1008
7644
7798
3025
8911
4005
9354
7431
8057
4489
7837
7691
9537
3880
7389
4973
7856
6840
1384
7240
9421
323
7603
8559
5063
5660
4038
3213
2277
4593
2159
7842
1925
3967
6173
3351
4411
8521
8769
8543
2105
7924
7027
2997
3318
20
4742
5219
4207
5003
3146
8989
6945
729
7580
6460
1364
2015
3883
2013
9334
4199
9094
9139
4161
6972
8819
1671
7795
1295
6919
8253
1059
425
5517
7739
8347
4100
2887
1203
5787
3774
1139
6019
7423
6850
6019
3978
5440
8978
6830
9178
7775
8782
7433
2023
6132
4544
3167
6504
836
4310
779
295
1643
1900
4406
7356
4556
61
2393
6764
8578
4356
1578
3569
3000
5337
7355
3538
3461
7149
7050
8613
4823
5481
8514
6919
332
1021
1206
6137
3602
7452
271
8917
7930
175
2277
12
7192
2816
8652
7866
7441
5018
9371
4662
125
2866
4224
7608
8721
6617
2331
3316
5556
6512
1200
3181
8784
6412
3956
727
9377
3678
6246
5377
2237
6646
1562
5350
3377
9057
4045
5681
5248
1655
1776
4680
8545
7484
3585
6433
5838
7290
6155
1279
4536
1924
2563
320
9591
1235
2026
9246
3409
1468
1562
6578
2823
3363
334
1304
3014
7810
4032
1016
527
6058
5210
3496
3180
1069
4952
7192
8982
6014
594
6913
3537
2290
2634
8403
6106
277
4411
3605
7754
6778
8796
1640
8859
5170
8244
3734
7131
902
9638
6784
2008
2561
3118
3703
6031
1366
205
7650
330
962
457
8657
7216
7058
7190
6414
7302
2578
474
4195
6021
5120
5932
7289
4263
9525
2313
4444
5096
3341
5067
7365
365
1969
5104
9522
2195
9410
7622
8013
9137
3530
5101
1764
4482
3856
2669
8420
4863
294
6747
6549
5206
159
9461
1334
4981
8277
137
8922
7848
939
1876
3860
3496
4129
2206
4493
429
9055
9509
3222
2166
2420
5100
6923
5375
6553
2577
3412
4890
7239
7734
152
2330
7303
379
3456
2899
9175
7405
5805
4126
9217
2751
270
7354
1873
7562
7456
5407
9170
4648
1948
6253
1907
5268
1525
5553
2913
2022
2437
7944
9114
2124
7604
2055
9551
383
9030
4080
9086
6512
1029
2864
8342
4723
8431
6891
4724
5190
2474
6630
7515
2262
1973
4613
9526
9083
8266
7982
7622
3515
6585
6205
636
5603
7236
3940
9326
2395
7807
6240
3259
210
2739
6119
7694
8205
4085
2995
6842
1931
7945
8084
4828
8831
6399
65
8950
4339
1537
7517
7208
9499
746
1350
7991
3165
5518
9646
2737
8934
1664
446
3858
1867
6948
5352
4854
4400
9245
3577
134
4347
4206
91
9304
6189
9321
9394
288
8887
5857
4072
619
1021
9632
2320
3810
4903
4784
3890
6728
6149
2272
5846
7228
6026
3489
2330
3768
8699
2380
3669
9538
9393
5761
2534
8939
8182
2348
5467
2461
4750
2144
8021
2868
6805
3348
3570
5926
5185
6862
3330
3294
9369
6057
8505
8280
2216
4735
333
2802
1043
9467
8749
2301
1903
7738
4166
3726
7713
112
4496
8977
1610
2811
6802
5362
965
5725
4120
2898
5573
8908
3605
4185
8768
6339
3281
1049
8603
5248
6992
196
5313
7878
5730
4439
713
5950
6006
7769
5811
1947
4082
1245
4918
3402
305
5088
2896
4058
5455
7331
438
4355
9475
6493
5512
2135
3360
6216
6555
863
8330
1203
6134
8289
6000
2845
9109
7883
6964
7976
419
6241
2961
9212
616
6073
1012
6237
6848
1156
7999
7506
618
8011
4153
7778
4546
4442
4877
239
4757
427
1299
7483
5252
7500
1710
5253
2098
828
4409
5495
7807
4125
5296
1354
462
9427
657
6641
1853
3902
1524
7122
6401
1515
3333
3760
280
8842
8343
8149
8793
8139
2522
9293
4070
5812
4862
8831
731
1594
8179
1950
5651
2925
9548
5586
4968
3184
6974
7505
8507
1409
8523
7352
7919
5424
1082
753
6005
4133
9315
4785
8735
8346
8199
3352
6246
4503
1521
2232
435
6878
8136
7462
9086
9513
2428
6737
8702
591
8276
6251
3952
2794
7830
3079
968
3673
2281
4395
7355
7227
1430
8011
2538
8698
3754
6204
5652
7453
4628
9171
7755
1329
369
170
5429
7988
9573
7493
4380
779
8954
731
4094
9607
7040
5899
4856
31
2659
6632
6704
529
4272
7679
1051
2793
6909
81
339
7010
8168
2339
9206
4725
503
8450
6385
8401
9136
2887
4840
5549
6348
6686
7758
5698
1379
8247
3220
1204
7068
8374
5444
3555
50
3568
5628
372
4780
4095
7646
5319
9356
2299
7085
8349
5165
8815
9151
5353
5325
2806
3760
4342
5243
710
1696
3043
8945
8525
6118
3215
234
2978
4927
2178
3941
5386
3112
5047
9439
7263
5371
5431
9123
8996
3584
4754
5545
1920
7291
774
8636
8227
6971
4846
5329
3663
3362
9053
1919
4605
4316
4976
8204
6714
8526
2194
9637
2167
2024
8659
5741
7074
6901
1781
1140
8001
5456
7055
6132
2036
4342
4356
2896
3095
5897
8710
5924
3182
1510
8588
1150
4303
1818
6150
3211
5012
7485
5722
8888
7383
3959
2126
4830
8643
1531
1119
3723
6345
4463
6767
7160
9131
7270
6643
791
3533
7825
5498
5063
5514
689
2597
6751
4812
8854
5095
3908
9534
8952
528
4459
9185
7548
5052
980
6099
8235
5107
8177
4644
1942
3130
9518
5753
509
6967
8745
5065
2849
4798
2596
3207
3010
3456
8611
151
893
3105
5702
2350
6272
5368
1598
6821
1495
4026
2679
6298
8604
717
2521
8462
4306
7379
5861
4811
5847
7572
3448
253
1278
3453
5531
2305
4524
6984
8581
569
5519
8476
6887
6433
4730
4852
7956
4510
4061
4521
5369
474
8381
2057
6032
3444
371
3586
171
5225
6995
5766
5912
1996
6752
59
4858
7914
3133
4624
4052
8039
768
4979
9189
6010
6229
6083
7998
1057
6451
8191
2947
4074
3159
5091
762
4889
5817
1432
8407
5102
3206
1198
4849
1087
224
3059
3717
368
1817
968
2918
9123
5945
2589
4190
167
2099
6603
9623
5359
6765
4199
8383
7084
3994
1389
9172
4617
1256
159
389
4478
3358
2884
5446
6462
1632
8299
5333
5694
628
3881
7286
2193
4168
82
6001
2425
9116
218
3937
7220
259
6703
8283
8208
7398
1791
9205
6335
998
8976
7427
3458
3119
6289
3403
1164
2723
8148
5886
6709
4081
5135
3424
694
8314
4286
5364
465
4328
8351
6067
8506
332
7858
7102
6455
215
9656
923
6906
1292
9451
7149
5430
2752
244
4032
6543
4867
1495
1248
7375
5988
8157
905
8816
8655
6048
5015
2855
1868
5575
2149
2381
8432
599
4457
3867
38
4012
7992
7080
8862
9529
2122
7107
1396
2475
1135
4159
9102
6640
7695
3218
2356
9652
7740
6900
3602
3197
6875
7937
4079
7959
5195
2837
6218
9606
3915
5103
7968
8542
2762
1579
1309
3570
443
2296
5626
1869
6376
244
8417
6418
2323
6261
6605
3151
2003
4623
780
201
8698
5735
5356
5274
6636
8296
9503
3989
9165
7273
9001
3371
6362
6914
5714
5799
1420
1152
4107
1646
6929
4273
6700
3002
6133
5403
8519
7463
1612
9341
2799
7316
1873
2049
6198
6354
7063
8348
7089
3548
9325
4396
5002
2070
831
4108
6568
461
6519
9040
8951
3192
4498
8672
7747
8171
9142
6981
4592
5727
1320
2719
7737
18
3866
8894
6293
8085
1788
8558
6247
7056
8581
3077
7468
6554
4065
8441
2934
8124
8050
4718
3116
1963
9150
447
8424
8377
4141
4470
8805
6621
7977
2822
3163
8356
1221
1550
2222
6257
5969
1690
5265
4258
1466
3472
2611
8756
8362
6575
2878
3162
6652
2218
8172
1023
1107
7554
4836
3418
4801
2475
3575
4824
3627
3512
6645
1499
4423
8576
2570
6316
8238
2079
67
4652
2031
745
6744
1560
9310
8943
1072
5193
1964
173
4770
5024
4544
6604
9071
5364
1941
8637
9344
6381
3869
6756
7065
1983
6280
5691
2000
1085
8744
2454
2537
35
3300
3003
3212
4710
3002
9579
8164
8146
2667
7443
5290
9644
4861
7735
8103
6386
8369
1311
5754
7693
6773
5229
4406
7362
2497
507
7677
9481
4186
7733
6253
4250
3541
605
3094
4573
7918
4358
575
4924
3798
3974
5505
205
93
5409
6236
7158
3899
5418
3758
310
7672
471
2080
8788
1547
5905
9064
9655
6679
1611
4607
7259
4825
8969
6677
3882
9514
1351
3145
6973
3018
5728
9642
2473
6705
1836
5736
887
1310
8128
6166
1982
8423
4148
3765
3489
5147
1289
2363
6038
3455
1244
8635
5468
6820
6483
4548
6180
895
486
7351
1857
5668
9132
5589
6545
4301
8987
2167
3370
2541
4988
6737
8
3124
1302
6161
7934
2664
2292
7639
3416
8863
5012
7423
8780
261
3108
988
7881
6466
7104
5876
6706
5984
6169
7066
9383
9607
8811
7311
6957
8038
1687
3284
3653
3092
7688
1181
2084
4077
5021
54
7801
8321
8527
4772
6535
8951
2386
6471
6661
8292
1096
320
1838
5078
6332
5956
7401
7829
1662
6440
1421
2613
8829
5462
7527
7698
23
5306
1151
1101
8467
8848
1666
8569
8875
2810
1963
5602
2511
6060
95
8773
9301
2996
1081
8880
4550
2939
790
1826
2505
4478
3910
8882
647
8549
1424
8061
9367
4899
3298
154
5293
5328
956
9341
8537
8220
2812
8366
2436
9643
4909
3062
4104
8614
3651
6807
9498
1682
5381
8500
1812
4828
4364
7120
8029
7324
3822
2588
3958
3145
7501
1546
1806
3157
3675
8163
4287
5656
2146
3776
2352
5660
732
217
3349
5842
635
5257
6961
7582
5345
3558
631
3263
2210
5350
4495
560
535
673
8801
4370
7892
9241
4518
2912
1102
4270
9286
5942
1042
7349
6171
2857
6878
5220
2972
251
2991
7048
8331
5809
5317
8476
3781
8855
2128
6224
9404
8988
1086
7376
4927
2001
2063
5348
6819
4943
504
565
1485
8461
6269
3437
4851
766
302
149
883
5669
808
774
8290
4604
409
8724
4262
8308
3787
1551
1509
7176
4063
9653
9269
1652
8205
4008
8229
9144
9032
7746
4738
2005
4103
13
2623
5678
9198
4093
9581
7631
